X=[   1.9385161096505947E-003    0.000000000000000     
   1.9385161096505947E-003    0.000000000000000     
   1.9385161096505947E-003    2.352547613485903     
   3.8770322193011895E-003    40138.03257747421     
   3.8770322193011895E-003    40110.49223594861     
   3.8770322193011895E-003    40118.87682083980     
   5.8155483289517845E-003    67074.33589496612     
   5.8155483289517845E-003    66993.38713631297     
   5.8155483289517845E-003    67027.49131496680     
   7.7540644386023790E-003    82309.40479251019     
   7.7540644386023790E-003    82193.27623798572     
   7.7540644386023790E-003    82247.89142756394     
   9.6925805482529735E-003    86717.53109310185     
   9.6925805482529735E-003    86592.67867391910     
   9.6925805482529735E-003    86653.64693905739     
   1.1631096657903569E-002    87225.69623899290     
   1.1631096657903569E-002    87102.76418935573     
   1.1631096657903569E-002    87163.50119545442     
   1.3569612767554164E-002    87703.95692520260     
   1.3569612767554164E-002    87585.00460707140     
   1.3569612767554164E-002    87644.36928028376     
   1.5508128877204760E-002    87911.23097340552     
   1.5508128877204760E-002    87788.51801084029     
   1.5508128877204760E-002    87849.71181541498     
   1.7446644986855355E-002    88074.49615115029     
   1.7446644986855355E-002    87951.55967567935     
   1.7446644986855355E-002    88013.01983401929     
   1.9385161096505951E-002    88178.99759392926     
   1.9385161096505951E-002    88056.13537481677     
   1.9385161096505951E-002    88117.68160343802     
   2.1323677206156546E-002    88243.54782662990     
   2.1323677206156546E-002    88121.00297457304     
   2.1323677206156546E-002    88182.51666719915     
   2.3262193315807141E-002    88258.65878626106     
   2.3262193315807141E-002    88136.58941853688     
   2.3262193315807141E-002    88197.98843238944     
   2.5200709425457737E-002    88232.11051038101     
   2.5200709425457737E-002    88110.59319379760     
   2.5200709425457737E-002    88171.83287358316     
   2.7139225535108332E-002    88180.28743433139     
   2.7139225535108332E-002    88059.31135656168     
   2.7139225535108332E-002    88120.38967728433     
   2.9077741644758928E-002    88117.34484646478     
   2.9077741644758928E-002    87996.84667237946     
   2.9077741644758928E-002    88057.78873472089     
   3.1016257754409523E-002    88055.25646519673     
   3.1016257754409523E-002    87935.16470785475     
   3.1016257754409523E-002    87996.00121518283     
   3.2954773864060115E-002    88000.83657532607     
   3.2954773864060115E-002    87881.10849966155     
   3.2954773864060115E-002    87941.85770705753     
   3.4893289973710710E-002    87953.32835896764     
   3.4893289973710710E-002    87833.95876672704     
   3.4893289973710710E-002    87894.62136795597     
   3.6831806083361306E-002    87907.19202462579     
   3.6831806083361306E-002    87788.20333003077     
   3.6831806083361306E-002    87848.76655708802     
   3.8770322193011901E-002    87856.74923711288     
   3.8770322193011901E-002    87738.17313143055     
   3.8770322193011901E-002    87798.61942001140     
   4.0708838302662496E-002    87799.21650529376     
   4.0708838302662496E-002    87681.08338298395     
   4.0708838302662496E-002    87741.39543529459     
   4.2647354412313092E-002    87734.23658334211     
   4.2647354412313092E-002    87616.56474241185     
   4.2647354412313092E-002    87676.73093014958     
   4.4585870521963687E-002    87663.18322814578     
   4.4585870521963687E-002    87545.97713450740     
   4.4585870521963687E-002    87605.99246235138     
   4.6524386631614283E-002    87587.31193339545     
   4.6524386631614283E-002    87470.56164909240     
   4.6524386631614283E-002    87530.42820468960     
   4.8462902741264878E-002    87507.62952098892     
   4.8462902741264878E-002    87391.31781548861     
   4.8462902741264878E-002    87451.04134064390     
   5.0401418850915473E-002    87425.28453384238     
   5.0401418850915473E-002    87309.38971954687     
   5.0401418850915473E-002    87368.97831670470     
   5.2339934960566069E-002    87340.96748976900     
   5.2339934960566069E-002    87225.46453579620     
   5.2339934960566069E-002    87284.92814693494     
   5.4278451070216664E-002    87255.16335491334     
   5.4278451070216664E-002    87140.02386233995     
   5.4278451070216664E-002    87199.37430617602     
   5.6216967179867260E-002    87168.27149663310     
   5.6216967179867260E-002    87053.46390641358     
   5.6216967179867260E-002    87112.71480551826     
   5.8155483289517855E-002    87080.31259847936     
   5.8155483289517855E-002    86965.80332938072     
   5.8155483289517855E-002    87024.96953509391     
   6.0093999399168450E-002    86991.03057505761     
   6.0093999399168450E-002    86876.78544548503     
   6.0093999399168450E-002    86935.88231134455     
   6.2032515508819046E-002    86900.87671662000     
   6.2032515508819046E-002    86786.86098780202     
   6.2032515508819046E-002    86845.90445137476     
   6.3971031618469634E-002    86810.01664604446     
   6.3971031618469634E-002    86696.19731988410     
   6.3971031618469634E-002    86755.20273175725     
   6.5909547728120230E-002    86718.51949715317     
   6.5909547728120230E-002    86604.86618368434     
   6.5909547728120230E-002    86663.84785002920     
   6.7848063837770825E-002    86626.42332798411     
   6.7848063837770825E-002    86512.90768180649     
   6.7848063837770825E-002    86571.87911861949     
   6.9786579947421420E-002    86533.77589888724     
   6.9786579947421420E-002    86420.37051275194     
   6.9786579947421420E-002    86479.34498642568     
   7.1725096057072016E-002    86440.65826254171     
   7.1725096057072016E-002    86327.33572034590     
   7.1725096057072016E-002    86386.32671031514     
   7.3663612166722611E-002    86293.80275684141     
   7.3663612166722611E-002    86178.77489620465     
   7.3663612166722611E-002    86238.72883916843     
   7.5602128276373207E-002    86210.37698895174     
   7.5602128276373207E-002    86095.62684487176     
   7.5602128276373207E-002    86155.52378948669     
   7.7540644386023802E-002    86109.74278402590     
   7.7540644386023802E-002    85994.33771234569     
   7.7540644386023802E-002    86054.45402884136     
   7.9479160495674397E-002    86014.92678966795     
   7.9479160495674397E-002    85899.71436103090     
   7.9479160495674397E-002    85959.79868656772     
   8.1417676605324993E-002    85919.30915111599     
   8.1417676605324993E-002    85804.19242271662     
   8.1417676605324993E-002    85864.29445733062     
   8.3356192714975588E-002    85823.30601711667     
   8.3356192714975588E-002    85708.21378870629     
   8.3356192714975588E-002    85768.37080566821     
   8.5294708824626184E-002    85726.93446768314     
   8.5294708824626184E-002    85611.81881079702     
   8.5294708824626184E-002    85672.05676639632     
   8.7233224934276779E-002    85630.16509746244     
   8.7233224934276779E-002    85514.98415439625     
   8.7233224934276779E-002    85575.32620898570     
   8.9171741043927374E-002    85532.88330226140     
   8.9171741043927374E-002    85417.59278807019     
   8.9171741043927374E-002    85478.06350029656     
   9.1110257153577970E-002    85434.92782927572     
   9.1110257153577970E-002    85319.47778952534     
   9.1110257153577970E-002    85380.10470323662     
   9.3048773263228565E-002    85336.12615293608     
   9.3048773263228565E-002    85220.46085554310     
   9.3048773263228565E-002    85281.27453660301     
   9.4987289372879161E-002    85236.34941048695     
   9.4987289372879161E-002    85120.40954579072     
   9.4987289372879161E-002    85181.44248294509     
   9.6925805482529756E-002    85135.54910802816     
   9.6925805482529756E-002    85019.27553083257     
   9.6925805482529756E-002    85080.56027545541     
   9.8864321592180351E-002    85033.75469581732     
   9.8864321592180351E-002    84917.09081288739     
   9.8864321592180351E-002    84978.65884468872     
   0.1008028377018309         84931.23276414083     
   0.1008028377018309         84814.13482540856     
   0.1008028377018309         84876.01136568535     
   0.1027413538114815         84828.37363926474     
   0.1027413538114815         84710.81330576785     
   0.1027413538114815         84773.01607757286     
   0.1046798699211321         84725.95354805996     
   0.1046798699211321         84607.93013411692     
   0.1046798699211321         84670.46331165587     
   0.1066183860307827         84625.33986777908     
   0.1066183860307827         84506.89942116602     
   0.1066183860307827         84569.74421012889     
   0.1085569021404333         84528.28508041859     
   0.1085569021404333         84409.52875502429     
   0.1085569021404333         84472.63927737378     
   0.1104954182500839         84435.49054165870     
   0.1104954182500839         84316.53427069336     
   0.1104954182500839         84379.85747584609     
   0.1124339343597345         84345.66618674657     
   0.1124339343597345         84226.57483195512     
   0.1124339343597345         84290.08295332582     
   0.1143724504693851         84256.89580540739     
   0.1143724504693851         84137.66856376418     
   0.1143724504693851         84201.36624863093     
   0.1163109665790357         84167.70095225504     
   0.1163109665790357         84048.28943507797     
   0.1163109665790357         84112.20477191590     
   0.1182494826886863         84077.02793359889     
   0.1182494826886863         83957.35162607857     
   0.1182494826886863         84021.52847674064     
   0.1201879987983369         83984.09778421216     
   0.1201879987983369         83864.05452852402     
   0.1201879987983369         83928.54731743240     
   0.1221265149079875         83889.40827696081     
   0.1221265149079875         83768.91193122027     
   0.1221265149079875         83833.76709348458     
   0.1240650310176381         83793.73901786987     
   0.1240650310176381         83672.72551732691     
   0.1240650310176381         83737.97851671216     
   0.1260035471272887         83697.67465257696     
   0.1260035471272887         83576.09380592722     
   0.1260035471272887         83641.77316522421     
   0.1279420632369393         83601.86658941768     
   0.1279420632369393         83479.68107842158     
   0.1279420632369393         83545.80887010471     
   0.1298805793465899         83507.45889031842     
   0.1298805793465899         83384.65251883413     
   0.1298805793465899         83451.24034820589     
   0.1318190954562405         83416.94827196679     
   0.1318190954562405         83293.55020778776     
   0.1318190954562405         83360.58745774778     
   0.1337576115658911         83334.97755143911     
   0.1337576115658911         83211.09594043526     
   0.1337576115658911         83278.53361866469     
   0.1356961276755417         83264.11187150072     
   0.1356961276755417         83139.87862517590     
   0.1356961276755417         83207.65651244258     
   0.1376346437851922         83198.32127757759     
   0.1376346437851922         83073.72769227222     
   0.1376346437851922         83141.85395828697     
   0.1395731598948428         83130.35617878845     
   0.1395731598948428         83005.24454416620     
   0.1395731598948428         83073.79913201119     
   0.1415116760044934         83056.19583083413     
   0.1415116760044934         82930.33114957943     
   0.1415116760044934         82999.43058472284     
   0.1434501921141440         82973.84849001950     
   0.1434501921141440         82846.96357653715     
   0.1434501921141440         82916.73894102755     
   0.1453887082237946         82882.76335562253     
   0.1453887082237946         82754.58581195760     
   0.1453887082237946         82825.16961509000     
   0.1473272243334452         82785.10845102507     
   0.1473272243334452         82655.39453485371     
   0.1473272243334452         82726.90458170514     
   0.1492657404430958         82682.65175267649     
   0.1492657404430958         82551.17976008581     
   0.1492657404430958         82623.72068273294     
   0.1512042565527464         82575.88157095485     
   0.1512042565527464         82442.43743206705     
   0.1512042565527464         82516.10725034535     
   0.1531427726623970         82464.62506213672     
   0.1531427726623970         82329.00392739779     
   0.1531427726623970         82403.89503789293     
   0.1550812887720476         82349.13414451857     
   0.1550812887720476         82211.17332638452     
   0.1550812887720476         82287.35638810376     
   0.1570198048816982         82231.12381146528     
   0.1570198048816982         82090.76092353158     
   0.1570198048816982         82168.25715358926     
   0.1589583209913488         82113.20004212890     
   0.1589583209913488         81970.49871948421     
   0.1589583209913488         82049.26818678896     
   0.1608968371009994         81997.22442819644     
   0.1608968371009994         81852.33636126990     
   0.1608968371009994         81932.29672389137     
   0.1628353532106500         81883.49922476687     
   0.1628353532106500         81736.60356529169     
   0.1628353532106500         81817.65926522296     
   0.1647738693203006         81771.22816990013     
   0.1647738693203006         81622.47939851168     
   0.1647738693203006         81704.54657986196     
   0.1667123854299512         81659.27338517488     
   0.1667123854299512         81508.77544681636     
   0.1667123854299512         81591.79422836662     
   0.1686509015396018         81546.51623179857     
   0.1686509015396018         81394.31027430607     
   0.1686509015396018         81478.25057489322     
   0.1705894176492524         81432.02903787431     
   0.1705894176492524         81278.10154873652     
   0.1705894176492524         81362.95893379523     
   0.1725279337589030         81315.01341076034     
   0.1725279337589030         81159.30415262368     
   0.1725279337589030         81245.09580846803     
   0.1744664498685536         81194.68376203069     
   0.1744664498685536         81037.09839362407     
   0.1744664498685536         81123.85672085980     
   0.1764049659782042         81069.97653381001     
   0.1764049659782042         80910.39330211129     
   0.1764049659782042         80998.16222473934     
   0.1783434820878547         80939.83570163848     
   0.1783434820878547         80778.12545604404     
   0.1783434820878547         80866.95025584186     
   0.1802819981975053         80803.24761345040     
   0.1802819981975053         80639.28630561632     
   0.1802819981975053         80729.20726393626     
   0.1822205143071559         80659.40406581920     
   0.1822205143071559         80493.08423361996     
   0.1822205143071559         80584.13094470488     
   0.1841590304168065         80507.83051609885     
   0.1841590304168065         80339.06993950570     
   0.1841590304168065         80431.25717417272     
   0.1860975465264571         80348.42252025002     
   0.1860975465264571         80177.16907951357     
   0.1860975465264571         80270.49462220355     
   0.1880360626361077         80181.34346177027     
   0.1880360626361077         80007.57782015130     
   0.1880360626361077         80102.02132526816     
   0.1899745787457583         80006.89147126423     
   0.1899745787457583         79830.62939854841     
   0.1899745787457583         79926.15131643537     
   0.1919130948554089         79825.42520275096     
   0.1919130948554089         79646.71996023068     
   0.1919130948554089         79743.26036130845     
   0.1938516109650595         79637.32065494097     
   0.1938516109650595         79456.26626163430     
   0.1938516109650595         79553.74317547599     
   0.1957901270747101         79442.96511544479     
   0.1957901270747101         79259.70029922102     
   0.1957901270747101         79358.00773265403     
   0.1977286431843607         79242.75532449401     
   0.1977286431843607         79057.46729765041     
   0.1977286431843607         79156.47331208219     
   0.1996671592940113         79037.01814268193     
   0.1996671592940113         78849.95274494152     
   0.1996671592940113         78949.49400262574     
   0.2016056754036619         78826.25497927667     
   0.2016056754036619         78637.71971361592     
   0.2016056754036619         78737.59990262720     
   0.2035441915133125         78611.14317083290     
   0.2035441915133125         78421.50066889555     
   0.2035441915133125         78521.49076627186     
   0.2054827076229631         78392.08407055131     
   0.2054827076229631         78201.79323892300     
   0.2054827076229631         78301.61640555935     
   0.2074212237326137         78169.84015078149     
   0.2074212237326137         77979.45607668404     
   0.2074212237326137         78078.78771940005     
   0.2093597398422643         77945.43760617072     
   0.2093597398422643         77755.62074933010     
   0.2093597398422643         77854.08367180788     
   0.2112982559519149         77720.16048013468     
   0.2112982559519149         77531.69375083396     
   0.2112982559519149         77628.84951594469     
   0.2132367720615655         77495.56857061284     
   0.2132367720615655         77309.38738993397     
   0.2132367720615655         77404.72124567081     
   0.2151752881712161         77273.57199529682     
   0.2151752881712161         77090.81658765915     
   0.2151752881712161         77183.71123940313     
   0.2171138042808667         77056.62154264444     
   0.2171138042808667         76962.47904776245     
   0.2171138042808667         77006.05536118100     
   0.2190523203905173         76928.09227572507     
   0.2190523203905173         76845.24202180080     
   0.2190523203905173         76887.93791440377     
   0.2209908365001678         76810.79293019880     
   0.2209908365001678         76729.51375692381     
   0.2209908365001678         76771.32502044499     
   0.2229293526098184         76694.43941291705     
   0.2229293526098184         76614.73814671114     
   0.2229293526098184         76655.66542328833     
   0.2248678687194690         76577.99741645141     
   0.2248678687194690         76499.89766263554     
   0.2248678687194690         76539.93313346175     
   0.2268063848291196         76460.17185254354     
   0.2268063848291196         76383.70028783868     
   0.2268063848291196         76422.83414229541     
   0.2287449009387702         76340.67272902328     
   0.2287449009387702         76265.79190715887     
   0.2287449009387702         76304.04542944657     
   0.2306834170484208         76220.86790182137     
   0.2306834170484208         76147.44106740344     
   0.2306834170484208         76184.88469716723     
   0.2326219331580714         76102.89507226198     
   0.2326219331580714         76030.73794188429     
   0.2326219331580714         76067.46636359300     
   0.2345604492677220         75988.66725655299     
   0.2345604492677220         75917.61605927481     
   0.2345604492677220         75953.71473458377     
   0.2364989653773726         75879.32308384954     
   0.2364989653773726         75809.26823470902     
   0.2364989653773726         75844.79645975966     
   0.2384374814870232         75775.02650543945     
   0.2384374814870232         75705.91488150618     
   0.2384374814870232         75740.90418343517     
   0.2403759975966738         75675.07102907577     
   0.2403759975966738         75606.89093978035     
   0.2403759975966738         75641.35209717273     
   0.2423145137063244         75578.24010742943     
   0.2423145137063244         75510.99855097920     
   0.2423145137063244         75544.93263907194     
   0.2442530298159750         75483.29865554058     
   0.2442530298159750         75416.99748146371     
   0.2442530298159750         75450.40768551665     
   0.2461915459256256         75389.30437484120     
   0.2461915459256256         75323.92714657358     
   0.2461915459256256         75356.82542956971     
   0.2481300620352762         75295.64624210075     
   0.2481300620352762         75231.16213705738     
   0.2481300620352762         75263.56751240649     
   0.2500685781449268         75201.95412631436     
   0.2500685781449268         75138.33119321251     
   0.2500685781449268         75170.26329434568     
   0.2520070942545773         75108.13613407049     
   0.2520070942545773         75045.35034422387     
   0.2520070942545773         75076.82495411564     
   0.2539456103642279         75014.07676064993     
   0.2539456103642279         74952.10167312753     
   0.2539456103642279         74983.13570944572     
   0.2558841264738785         74919.92033935239     
   0.2558841264738785         74858.72265688083     
   0.2558841264738785         74889.33628091899     
   0.2578226425835290         74825.85231855404     
   0.2578226425835290         74765.39038969965     
   0.2578226425835290         74795.60768250102     
   0.2597611586931796         74732.02158421431     
   0.2597611586931796         74672.24839912100     
   0.2597611586931796         74702.09587814772     
   0.2616996748028302         74638.50751810111     
   0.2616996748028302         74579.37194726158     
   0.2616996748028302         74608.87797021592     
   0.2636381909124808         74545.32103438966     
   0.2636381909124808         74486.76768327526     
   0.2636381909124808         74515.96254631747     
   0.2655767070221313         74452.42507019165     
   0.2655767070221313         74394.39421881066     
   0.2655767070221313         74423.31022135263     
   0.2675152231317819         74359.75304440322     
   0.2675152231317819         74302.18003300403     
   0.2675152231317819         74330.85179256527     
   0.2694537392414325         74267.23603110421     
   0.2694537392414325         74210.05141326466     
   0.2694537392414325         74238.51578592049     
   0.2713922553510830         74174.82932572244     
   0.2713922553510830         74117.96089723043     
   0.2713922553510830         74146.25597769758     
   0.2733307714607336         74082.49722578125     
   0.2733307714607336         74025.87270278335     
   0.2733307714607336         74054.03647390629     
   0.2750000000000000         73990.20724780255     
   0.2750000000000000         73941.59491546801     
   0.2750000000000000         73965.76839677441     
   0.2766692285392665         73911.15641008622     
   0.2766692285392665         73862.61878981549     
   0.2766692285392665         73886.75009980577     
   0.2783384570785329         73832.10592456105     
   0.2783384570785329         73783.60672276963     
   0.2783384570785329         73807.71493879489     
   0.2800076856177993         73753.01299945152     
   0.2800076856177993         73704.52001927501     
   0.2800076856177993         73728.62206984730     
   0.2816769141570657         73673.83945749085     
   0.2816769141570657         73625.32472726228     
   0.2816769141570657         73649.43533124252     
   0.2833461426963322         73594.53213008307     
   0.2833461426963322         73545.97225497583     
   0.2833461426963322         73570.10374003141     
   0.2850153712355986         73515.05570502818     
   0.2850153712355986         73466.43051637134     
   0.2850153712355986         73490.59348421561     
   0.2866845997748650         73435.44991255438     
   0.2866845997748650         73386.73830534246     
   0.2866845997748650         73410.94366566090     
   0.2883538283141315         73355.86772834646     
   0.2883538283141315         73307.04941290632     
   0.2883538283141315         73331.30758033857     
   0.2900230568533979         73276.44597862814     
   0.2900230568533979         73227.50558822931     
   0.2900230568533979         73251.82446156252     
   0.2916922853926643         73197.25804958744     
   0.2916922853926643         73148.18893206268     
   0.2916922853926643         73172.57201852865     
   0.2933615139319308         73118.29776741490     
   0.2933615139319308         73069.10415746999     
   0.2933615139319308         73093.54949573861     
   0.2950307424711972         73039.50447310401     
   0.2950307424711972         72990.19975515385     
   0.2950307424711972         73014.70077274460     
   0.2966999710104636         72960.80257297914     
   0.2966999710104636         72911.40673492623     
   0.2966999710104636         72935.95352163624     
   0.2983691995497301         72882.11684096399     
   0.2983691995497301         72832.65406492043     
   0.2983691995497301         72857.23458404306     
   0.3000384280889965         72803.36943157496     
   0.3000384280889965         72753.86651366117     
   0.3000384280889965         72778.46740085669     
   0.3017076566282629         72724.48202004223     
   0.3017076566282629         72674.96720526503     
   0.3017076566282629         72699.57435771140     
   0.3033768851675294         72645.38623037402     
   0.3033768851675294         72595.88820837412     
   0.3033768851675294         72620.48729285719     
   0.3050461137067958         72566.03670784214     
   0.3050461137067958         72516.58351461771     
   0.3050461137067958         72541.16052241261     
   0.3067153422460622         72486.41001412267     
   0.3067153422460622         72437.02622568389     
   0.3067153422460622         72461.56886793966     
   0.3083845707853287         72406.50799617231     
   0.3083845707853287         72357.22079785238     
   0.3083845707853287         72381.71552341124     
   0.3100537993245951         72326.33329213876     
   0.3100537993245951         72277.17277710936     
   0.3100537993245951         72301.60463236654     
   0.3117230278638615         72245.89411708033     
   0.3117230278638615         72196.89201571768     
   0.3117230278638615         72221.24528277564     
   0.3133922564031280         72165.20247715920     
   0.3133922564031280         72116.39127646969     
   0.3133922564031280         72140.64990228826     
   0.3150614849423944         72084.27582001359     
   0.3150614849423944         72035.68735225288     
   0.3150614849423944         72059.83571531843     
   0.3167307134816608         72003.14246109873     
   0.3167307134816608         71954.80616403633     
   0.3167307134816608         71978.82978356646     
   0.3183999420209273         71921.84434555720     
   0.3183999420209273         71873.78458045346     
   0.3183999420209273         71897.67148329316     
   0.3200691705601937         71840.43409473392     
   0.3200691705601937         71792.66768405495     
   0.3200691705601937         71816.40964887316     
   0.3217383990994601         71758.95285742529     
   0.3217383990994601         71711.48587124309     
   0.3217383990994601         71735.08000569727     
   0.3234076276387265         71677.55117037344     
   0.3234076276387265         71630.38640147465     
   0.3234076276387265         71653.83145466613     
   0.3250768561779930         71596.44610451808     
   0.3250768561779930         71549.58707816027     
   0.3250768561779930         71572.88146924081     
   0.3267460847172594         71515.84002145776     
   0.3267460847172594         71469.29111904367     
   0.3267460847172594         71492.43288846950     
   0.3284153132565258         71435.81809423519     
   0.3284153132565258         71389.58084792648     
   0.3284153132565258         71412.56948450686     
   0.3300845417957923         71356.28260230453     
   0.3300845417957923         71310.35030937904     
   0.3300845417957923         71333.18938339531     
   0.3317537703350587         71277.04689498850     
   0.3317537703350587         71231.40568296073     
   0.3317537703350587         71254.10230676414     
   0.3334229988743251         71197.96056951741     
   0.3334229988743251         71152.59455524135     
   0.3334229988743251         71175.15683904085     
   0.3350922274135916         71118.94794448490     
   0.3350922274135916         71073.84347318568     
   0.3350922274135916         71096.27842732161     
   0.3367614559528580         71040.01747107912     
   0.3367614559528580         70995.16400364287     
   0.3367614559528580         71017.47708073922     
   0.3384306844921244         70961.25371552238     
   0.3384306844921244         70917.72217580957     
   0.3384306844921244         70939.26632524533     
   0.3400999130313909         70883.67493234757     
   0.3400999130313909         70840.52383992606     
   0.3400999130313909         70861.99336059115     
   0.3417691415706573         70805.64692018663     
   0.3417691415706573         70762.62655526029     
   0.3417691415706573         70784.03093506877     
   0.3434383701099237         70727.14724164651     
   0.3434383701099237         70684.21824910275     
   0.3434383701099237         70705.57590122311     
   0.3451075986491902         70649.05665039441     
   0.3451075986491902         70606.15541352589     
   0.3451075986491902         70627.49696280713     
   0.3467768271884566         70571.69270292987     
   0.3467768271884566         70528.75775024154     
   0.3467768271884566         70550.11285612744     
   0.3484460557277230         70495.13808688761     
   0.3484460557277230         70452.11870924874     
   0.3484460557277230         70473.51184993063     
   0.3501152842669895         70419.39594426322     
   0.3501152842669895         70376.25364251607     
   0.3501152842669895         70397.70346355316     
   0.3517845128062559         70344.43879074071     
   0.3517845128062559         70301.14654556192     
   0.3517845128062559         70322.66623261967     
   0.3534537413455223         70270.23679908397     
   0.3534537413455223         70226.77741507335     
   0.3534537413455223         70248.37547540318     
   0.3551229698847888         70196.77668354880     
   0.3551229698847888         70153.14108075481     
   0.3551229698847888         70174.82212649409     
   0.3567921984240552         70124.06770923693     
   0.3567921984240552         70080.25390036705     
   0.3567921984240552         70102.01909083704     
   0.3584614269633216         70052.11725317553     
   0.3584614269633216         70008.13132331095     
   0.3584614269633216         70029.97782017165     
   0.3601306555025880         69980.95890395017     
   0.3601306555025880         69936.81412462125     
   0.3601306555025880         69958.73547972392     
   0.3617998840418545         69910.76249177156     
   0.3617998840418545         69866.47909960547     
   0.3617998840418545         69888.49738742967     
   0.3634691125811209         69842.50041072578     
   0.3634691125811209         69798.10546789013     
   0.3634691125811209         69820.17618521694     
   0.3651383411203873         69775.02526437804     
   0.3651383411203873         69730.52945283058     
   0.3651383411203873         69752.64759312656     
   0.3668075696596538         69708.33319829612     
   0.3668075696596538         69663.75289906889     
   0.3668075696596538         69685.91011304369     
   0.3684767981989202         69642.29525787929     
   0.3684767981989202         69597.65237282983     
   0.3684767981989202         69619.83756418733     
   0.3701460267381866         69576.80036880923     
   0.3701460267381866         69532.12147516599     
   0.3701460267381866         69554.32122801265     
   0.3718152552774531         69511.73493867976     
   0.3718152552774531         69467.05037129531     
   0.3718152552774531         69489.24940752235     
   0.3734844838167195         69446.98774168328     
   0.3734844838167195         69402.33046372447     
   0.3734844838167195         69424.51221023987     
   0.3751537123559859         69382.45676361870     
   0.3751537123559859         69337.86115942556     
   0.3751537123559859         69360.00835608985     
   0.3768229408952524         69318.03009681102     
   0.3768229408952524         69273.53212139779     
   0.3768229408952524         69295.62674033872     
   0.3784921694345188         69253.60324397100     
   0.3784921694345188         69209.23884406502     
   0.3784921694345188         69231.26286715678     
   0.3801613979737852         69189.07422445358     
   0.3801613979737852         69144.87264448575     
   0.3801613979737852         69166.81142340094     
   0.3818306265130517         69124.43798846447     
   0.3818306265130517         69080.42139022947     
   0.3818306265130517         69102.26386299019     
   0.3834998550523181         69059.73956460245     
   0.3834998550523181         69015.92480209358     
   0.3834998550523181         69037.66263226526     
   0.3851690835915845         68995.05300391270     
   0.3851690835915845         68951.45464392165     
   0.3851690835915845         68973.08073644737     
   0.3868383121308510         68930.45267463420     
   0.3868383121308510         68887.08612389199     
   0.3868383121308510         68908.59308147323     
   0.3885075406701174         68865.97410148178     
   0.3885075406701174         68822.85741215058     
   0.3885075406701174         68844.23663696469     
   0.3901767692093838         68801.58662524508     
   0.3901767692093838         68758.73698775348     
   0.3901767692093838         68779.98040810936     
   0.3918459977486503         68737.21093830260     
   0.3918459977486503         68695.76709347719     
   0.3918459977486503         68716.21766430067     
   0.3935152262879167         68673.74215587875     
   0.3935152262879167         68632.63186596961     
   0.3935152262879167         68653.00946731861     
   0.3951844548271831         68609.94978850427     
   0.3951844548271831         68568.98028508740     
   0.3951844548271831         68589.28916198849     
   0.3968536833664496         68543.93050618464     
   0.3968536833664496         68502.57799806101     
   0.3968536833664496         68523.07672277415     
   0.3985229119057160         68478.65129510380     
   0.3985229119057160         68437.50423120202     
   0.3985229119057160         68457.90221804014     
   0.4001921404449824         68412.83904881369     
   0.4001921404449824         68371.87243040180     
   0.4001921404449824         68392.18215831828     
   0.4018613689842488         68346.50647336946     
   0.4018613689842488         68305.69094211240     
   0.4018613689842488         68325.92700494578     
   0.4035305975235153         68279.69913039725     
   0.4035305975235153         68239.00219167751     
   0.4035305975235153         68259.18070043091     
   0.4051998260627817         68212.51230071535     
   0.4051998260627817         68171.89936625528     
   0.4051998260627817         68192.03744831996     
   0.4068690546020481         68144.17429678180     
   0.4068690546020481         68103.51477802922     
   0.4068690546020481         68123.66630481402     
   0.4085382831413146         68076.89488618034     
   0.4085382831413146         68036.28530605033     
   0.4085382831413146         68056.41384124718     
   0.4102075116805810         68009.75006806526     
   0.4102075116805810         67969.15591664118     
   0.4102075116805810         67989.27892723680     
   0.4118767402198474         67942.97231190663     
   0.4118767402198474         67902.36419786002     
   0.4118767402198474         67922.49669496572     
   0.4135459687591139         67876.67159411247     
   0.4135459687591139         67836.02659421678     
   0.4135459687591139         67856.18044162517     
   0.4152151972983803         67810.81275051789     
   0.4152151972983803         67770.11616002540     
   0.4152151972983803         67790.29919048678     
   0.4168844258376467         67745.24158217279     
   0.4168844258376467         67704.48629554802     
   0.4168844258376467         67724.70258648793     
   0.4185536543769132         67679.68590129445     
   0.4185536543769132         67638.87247240209     
   0.4185536543769132         67659.12225838190     
   0.4202228829161796         67613.46418444010     
   0.4202228829161796         67572.60544262448     
   0.4202228829161796         67592.88232728581     
   0.4218921114554460         67545.47875427527     
   0.4218921114554460         67504.60785804485     
   0.4218921114554460         67524.89453383849     
   0.4235613399947125         67475.64580048513     
   0.4235613399947125         67434.75438118658     
   0.4235613399947125         67455.05378984966     
   0.4252305685339789         67404.59562598496     
   0.4252305685339789         67363.64511542821     
   0.4252305685339789         67383.97569849437     
   0.4268997970732453         67332.87099556076     
   0.4268997970732453         67291.79370868721     
   0.4268997970732453         67312.18857497898     
   0.4285690256125118         67261.14685294224     
   0.4285690256125118         67219.86742636874     
   0.4285690256125118         67240.36376328817     
   0.4302382541517782         67189.95307064580     
   0.4302382541517782         67148.41037370043     
   0.4302382541517782         67169.03856213862     
   0.4319074826910446         67119.41056720150     
   0.4319074826910446         67077.56247037856     
   0.4319074826910446         67098.34333741086     
   0.4335767112303111         67049.51741508652     
   0.4335767112303111         67007.35270251766     
   0.4335767112303111         67028.29115609656     
   0.4352459397695775         66980.51466758095     
   0.4352459397695775         66938.02246407242     
   0.4352459397695775         66959.12334362183     
   0.4369151683088439         66912.56297356912     
   0.4369151683088439         66869.73687232727     
   0.4369151683088439         66891.00290424912     
   0.4385843968481103         66845.70992618479     
   0.4385843968481103         66802.56117954809     
   0.4385843968481103         66823.98632048245     
   0.4402536253873768         66779.78272273488     
   0.4402536253873768         66736.36366049101     
   0.4402536253873768         66757.92102098870     
   0.4419228539266432         66714.44261384901     
   0.4419228539266432         66674.48887133607     
   0.4419228539266432         66693.92075282386     
   0.4435920824659096         66653.35168619578     
   0.4435920824659096         66614.11128895929     
   0.4435920824659096         66633.55189061626     
   0.4452613110051761         66594.20109945643     
   0.4452613110051761         66554.94795927788     
   0.4452613110051761         66574.39537710024     
   0.4469305395444425         66536.15844833733     
   0.4469305395444425         66496.92529670510     
   0.4469305395444425         66516.36340662815     
   0.4485997680837089         66478.22086180840     
   0.4485997680837089         66439.08336807336     
   0.4485997680837089         66458.47460656219     
   0.4502689966229754         66419.14946473420     
   0.4502689966229754         66380.20888563730     
   0.4502689966229754         66399.50246012920     
   0.4519382251622418         66358.27865471841     
   0.4519382251622418         66319.62281421489     
   0.4519382251622418         66338.77434474565     
   0.4536074537015082         66295.14604834061     
   0.4536074537015082         66256.84017563344     
   0.4536074537015082         66275.81626158567     
   0.4552766822407747         66226.32603826976     
   0.4552766822407747         66188.20031649765     
   0.4552766822407747         66207.08909709878     
   0.4569459107800411         66157.71039388674     
   0.4569459107800411         66120.04590869299     
   0.4569459107800411         66138.70273621002     
   0.4586151393193075         66086.68748425946     
   0.4586151393193075         66049.41742809251     
   0.4586151393193075         66067.87307339592     
   0.4602843678585740         66015.69581299997     
   0.4602843678585740         65978.68363571554     
   0.4602843678585740         65997.00463522911     
   0.4619535963978404         65946.56595419174     
   0.4619535963978404         65909.67215220965     
   0.4619535963978404         65927.92706651030     
   0.4636228249371068         65880.69827964636     
   0.4636228249371068         65843.81526814023     
   0.4636228249371068         65862.05736378925     
   0.4652920534763733         65818.40759429171     
   0.4652920534763733         65781.49195550407     
   0.4652920534763733         65799.74264032053     
   0.4669612820156397         65759.51456092978     
   0.4669612820156397         65722.56894912850     
   0.4669612820156397         65740.82621919624     
   0.4686305105549061         65704.18599785608     
   0.4686305105549061         65667.23697279564     
   0.4686305105549061         65685.48691028380     
   0.4702997390941726         65652.55031437287     
   0.4702997390941726         65615.63347369203     
   0.4702997390941726         65633.85794507938     
   0.4719689676334390         65604.49183925142     
   0.4719689676334390         65567.65029167903     
   0.4719689676334390         65585.82759514064     
   0.4736381961727054         65559.85161081729     
   0.4736381961727054         65523.13755669086     
   0.4736381961727054         65541.24169636928     
   0.4753074247119718         65518.20352806080     
   0.4753074247119718         65481.70402201097     
   0.4753074247119718         65499.69191892976     
   0.4769766532512383         65478.34352596021     
   0.4769766532512383         65442.20659397810     
   0.4769766532512383         65460.00473085818     
   0.4786458817905047         65438.86040214986     
   0.4786458817905047         65403.28216387385     
   0.4786458817905047         65420.79290672832     
   0.4803151103297711         65398.31096656818     
   0.4803151103297711         65363.48936386708     
   0.4803151103297711         65380.61409834867     
   0.4819843388690376         65355.43310829435     
   0.4819843388690376         65321.50576702676     
   0.4819843388690376         65338.17584238154     
   0.4836535674083040         65309.67135523883     
   0.4836535674083040         65276.63389840483     
   0.4836535674083040         65292.85128286227     
   0.4853227959475704         65261.44874454258     
   0.4853227959475704         65229.19275122199     
   0.4853227959475704         65245.01113756059     
   0.4869920244868369         65211.84830526634     
   0.4869920244868369         65180.23947889616     
   0.4869920244868369         65195.72546707898     
   0.4886612530261033         65162.11368649781     
   0.4886612530261033         65131.25220649668     
   0.4886612530261033         65146.25242286789     
   0.4903304815653697         65113.68812160174     
   0.4903304815653697         65083.73113212228     
   0.4903304815653697         65098.37418057158     
   0.4919997101046362         65067.97101318985     
   0.4919997101046362         65038.38365316396     
   0.4919997101046362         65052.83624653927     
   0.4936689386439026         65024.72769996130     
   0.4936689386439026         64995.43598997699     
   0.4936689386439026         65009.73592334509     
   0.4953381671831690         64983.69732590542     
   0.4953381671831690         64954.64141549476     
   0.4953381671831690         64968.81952669402     
   0.4970073957224355         64948.42398713167     
   0.4970073957224355         64920.21413832287     
   0.4970073957224355         64933.97563400147     
   0.4986766242617019         64912.76294564831     
   0.4986766242617019         64884.54706965950     
   0.4986766242617019         64898.30760540246     
   0.5003458528009683         64880.33125919036     
   0.5003458528009683         64852.06109276620     
   0.5003458528009683         64865.84501960313     
   0.5020150813402348         64851.45527483981     
   0.5020150813402348         64823.10100607812     
   0.5020150813402348         64836.92376688674     
   0.5036843098795012         64822.43753213691     
   0.5036843098795012         64793.82165921063     
   0.5036843098795012         64807.76810483691     
   0.5053535384187676         64798.94627982505     
   0.5053535384187676         64770.48902232778     
   0.5053535384187676         64784.35844455088     
   0.5070227669580341         64774.75136720252     
   0.5070227669580341         64746.55600435189     
   0.5070227669580341         64760.29730139662     
   0.5086919954973005         64748.28439733267     
   0.5086919954973005         64720.41378814126     
   0.5086919954973005         64733.98122105082     
   0.5103612240365669         64720.17639265319     
   0.5103612240365669         64692.74265725635     
   0.5103612240365669         64706.09678726870     
   0.5120304525758334         64688.30394275461     
   0.5120304525758334         64661.28617289954     
   0.5120304525758334         64674.43628301647     
   0.5136996811150998         64652.48229564646     
   0.5136996811150998         64625.82227968030     
   0.5136996811150998         64638.79589670961     
   0.5153689096543662         64613.63333987157     
   0.5153689096543662         64587.18638419027     
   0.5153689096543662         64600.05326755094     
   0.5170381381936326         64574.02695007039     
   0.5170381381936326         64547.61457763904     
   0.5170381381936326         64560.46199784451     
   0.5187073667328991         64536.06153328472     
   0.5187073667328991         64509.49806706236     
   0.5187073667328991         64522.41914108923     
   0.5203765952721655         64500.35015888748     
   0.5203765952721655         64473.50140762528     
   0.5203765952721655         64486.56419769688     
   0.5220458238114319         64466.73340508496     
   0.5220458238114319         64439.52091514314     
   0.5220458238114319         64452.76443537939     
   0.5237150523506984         64435.63388034266     
   0.5237150523506984         64408.00241809118     
   0.5237150523506984         64421.45329561679     
   0.5253842808899648         64407.62691784076     
   0.5253842808899648         64379.53464804860     
   0.5253842808899648         64393.21318790636     
   0.5270535094292312         64382.90754448660     
   0.5270535094292312         64354.33306580458     
   0.5270535094292312         64368.24966624280     
   0.5287227379684977         64361.20882177330     
   0.5287227379684977         64332.16097501267     
   0.5287227379684977         64346.31061271373     
   0.5303919665077641         64342.28412579963     
   0.5303919665077641         64312.78287361555     
   0.5303919665077641         64327.15470584287     
   0.5320611950470305         64325.99459189288     
   0.5320611950470305         64296.04772524957     
   0.5320611950470305         64310.63773180359     
   0.5337304235862970         64311.81301339123     
   0.5337304235862970         64282.00171345715     
   0.5337304235862970         64296.25349478142     
   0.5353996521255634         64298.87666315059     
   0.5353996521255634         64272.95375757517     
   0.5353996521255634         64285.50827325091     
   0.5370688806648298         64289.38669539819     
   0.5370688806648298         64263.73680511300     
   0.5370688806648298         64276.15843080348     
   0.5387381092040963         64277.22341826553     
   0.5387381092040963         64252.00572722206     
   0.5387381092040963         64264.21561411615     
   0.5404073377433627         64261.03532253415     
   0.5404073377433627         64236.37297351115     
   0.5404073377433627         64248.30976726009     
   0.5420765662826291         64239.90653686473     
   0.5420765662826291         64215.86710288721     
   0.5420765662826291         64227.49684464221     
   0.5437457948218956         64213.04312871300     
   0.5437457948218956         64189.64271629222     
   0.5437457948218956         64200.95650715656     
   0.5454150233611620         64174.70863756348     
   0.5454150233611620         64151.26553623661     
   0.5454150233611620         64162.59127429337     
   0.5470842519004284         64135.41013301956     
   0.5470842519004284         64112.48602572481     
   0.5470842519004284         64123.55128791810     
   0.5487534804396949         64093.91879340070     
   0.5487534804396949         64071.23930976832     
   0.5487534804396949         64082.17932993257     
   0.5500000000000000         64059.82670255545     
   0.5500000000000000         64043.09239943211     
   0.5500000000000000         64051.16841849179     
   0.5512465195603052         64031.72510201897     
   0.5512465195603052         64014.73787889981     
   0.5512465195603052         64022.93718546793     
   0.5524930391206104         64006.18119955848     
   0.5524930391206104         63988.86611517546     
   0.5524930391206104         63997.22619793640     
   0.5537395586809156         63983.24557794699     
   0.5537395586809156         63965.57851553453     
   0.5537395586809156         63974.11170813203     
   0.5549860782412208         63960.46813618461     
   0.5549860782412208         63942.43941774172     
   0.5549860782412208         63951.14985994037     
   0.5562325978015260         63943.72338153952     
   0.5562325978015260         63925.38139474094     
   0.5562325978015260         63934.24738752300     
   0.5574791173618312         63929.56676229071     
   0.5574791173618312         63910.91792129815     
   0.5574791173618312         63919.93631683284     
   0.5587256369221364         63917.95003841869     
   0.5587256369221364         63899.00720484395     
   0.5587256369221364         63908.17169580572     
   0.5599721564824416         63908.71285427643     
   0.5599721564824416         63889.49513751882     
   0.5599721564824416         63898.79631289619     
   0.5612186760427468         63901.63327438955     
   0.5612186760427468         63882.16466091888     
   0.5612186760427468         63891.59068642554     
   0.5624651956030520         63896.45241382529     
   0.5624651956030520         63876.76185575848     
   0.5624651956030520         63886.29848719625     
   0.5637117151633572         63894.48471766572     
   0.5637117151633572         63874.58295292639     
   0.5637117151633572         63884.21514192520     
   0.5649582347236624         63893.54993115020     
   0.5649582347236624         63873.45867779952     
   0.5649582347236624         63883.19044991716     
   0.5662047542839675         63892.23508772984     
   0.5662047542839675         63872.01176160674     
   0.5662047542839675         63881.81509733680     
   0.5674512738442727         63889.33199310612     
   0.5674512738442727         63869.06899117373     
   0.5674512738442727         63878.89753092141     
   0.5686977934045779         63883.90197321418     
   0.5686977934045779         63863.71959159478     
   0.5686977934045779         63873.51230363452     
   0.5699443129648831         63875.25548645877     
   0.5699443129648831         63855.29131599038     
   0.5699443129648831         63864.97788940994     
   0.5711908325251883         63863.13119615857     
   0.5711908325251883         63843.50443099109     
   0.5711908325251883         63853.02359660931     
   0.5724373520854935         63847.76341023931     
   0.5724373520854935         63828.52206228498     
   0.5724373520854935         63837.84863544859     
   0.5736838716457987         63829.61839151111     
   0.5736838716457987         63810.72608835706     
   0.5736838716457987         63819.87763555547     
   0.5749303912061039         63809.24924662143     
   0.5749303912061039         63790.60430340029     
   0.5749303912061039         63799.63155179060     
   0.5761769107664091         63787.22803918636     
   0.5761769107664091         63768.69016744314     
   0.5761769107664091         63777.66347008122     
   0.5774234303267143         63763.99906233482     
   0.5774234303267143         63745.79786203957     
   0.5774234303267143         63754.42638377355     
   0.5786699498870195         63740.40795726511     
   0.5786699498870195         63724.75986580755     
   0.5786699498870195         63732.27881069198     
   0.5799164694473247         63719.44950112866     
   0.5799164694473247         63703.87730020537     
   0.5799164694473247         63711.35793689488     
   0.5811629890076299         63699.32028631021     
   0.5811629890076299         63683.74677446196     
   0.5811629890076299         63691.22736801066     
   0.5824095085679351         63680.38877330636     
   0.5824095085679351         63664.75429657110     
   0.5824095085679351         63672.26454169605     
   0.5836560281282402         63662.57907883763     
   0.5836560281282402         63646.84859377769     
   0.5836560281282402         63654.40603448626     
   0.5849025476885454         63645.69495526318     
   0.5849025476885454         63629.84803780037     
   0.5849025476885454         63637.46270797255     
   0.5861490672488506         63630.05797092903     
   0.5861490672488506         63614.06901795384     
   0.5861490672488506         63621.75346382449     
   0.5873955868091558         63616.10539316332     
   0.5873955868091558         63599.94391250684     
   0.5873955868091558         63607.71318643418     
   0.5886421063694610         63604.11414699380     
   0.5886421063694610         63587.75449896924     
   0.5886421063694610         63595.62139461521     
   0.5898886259297662         63594.14749302983     
   0.5898886259297662         63577.57469175811     
   0.5898886259297662         63585.54677506249     
   0.5911351454900714         63586.17470285018     
   0.5911351454900714         63569.38572810458     
   0.5911351454900714         63577.46465605537     
   0.5923816650503766         63580.04601444759     
   0.5923816650503766         63563.05426224080     
   0.5923816650503766         63571.23362177607     
   0.5936281846106818         63575.32055037663     
   0.5936281846106818         63558.16481624435     
   0.5936281846106818         63566.42568977248     
   0.5948747041709870         63571.12814802022     
   0.5948747041709870         63553.87665882383     
   0.5948747041709870         63562.18543060821     
   0.5961212237312922         63566.52945883125     
   0.5961212237312922         63549.26369427980     
   0.5961212237312922         63557.57996744458     
   0.5973677432915974         63556.64300523145     
   0.5973677432915974         63539.39325441729     
   0.5973677432915974         63547.70328785932     
   0.5986142628519026         63550.00617038558     
   0.5986142628519026         63532.90547534276     
   0.5986142628519026         63541.14275566018     
   0.5998607824122077         63541.50799152546     
   0.5998607824122077         63524.58354433843     
   0.5998607824122077         63532.73425910362     
   0.6011073019725129         63530.98249731659     
   0.6011073019725129         63514.24636956810     
   0.6011073019725129         63522.30419312388     
   0.6023538215328181         63518.29888977348     
   0.6023538215328181         63501.75195124885     
   0.6023538215328181         63509.71605503993     
   0.6036003410931233         63503.32790502274     
   0.6036003410931233         63486.96380598821     
   0.6036003410931233         63494.83685880144     
   0.6048468606534285         63486.20264859660     
   0.6048468606534285         63469.98671575081     
   0.6048468606534285         63477.78536826017     
   0.6060933802137337         63467.51853250630     
   0.6060933802137337         63451.38554207036     
   0.6060933802137337         63459.14168945800     
   0.6073398997740389         63448.20428747260     
   0.6073398997740389         63432.05866364724     
   0.6073398997740389         63439.81957054810     
   0.6085864193343441         63428.97638032556     
   0.6085864193343441         63412.72715058367     
   0.6085864193343441         63420.53793205532     
   0.6098329388946493         63410.24844564942     
   0.6098329388946493         63393.83576331082     
   0.6098329388946493         63401.72609232258     
   0.6110794584549545         63392.20522699376     
   0.6110794584549545         63375.60233828217     
   0.6110794584549545         63383.58535905322     
   0.6123259780152597         63375.08635242878     
   0.6123259780152597         63358.27780534974     
   0.6123259780152597         63366.36100455983     
   0.6135724975755649         63359.20431840853     
   0.6135724975755649         63342.17319919564     
   0.6135724975755649         63350.36482574218     
   0.6148190171358701         63344.74649077898     
   0.6148190171358701         63327.49470162885     
   0.6148190171358701         63335.79448888580     
   0.6160655366961753         63332.59415872969     
   0.6160655366961753         63314.99767865255     
   0.6160655366961753         63323.46833981861     
   0.6173120562564804         63322.02867025094     
   0.6173120562564804         63304.06080890146     
   0.6173120562564804         63312.71571214325     
   0.6185585758167856         63312.95813642623     
   0.6185585758167856         63294.61345632285     
   0.6185585758167856         63303.45513065729     
   0.6198050953770908         63305.30524466690     
   0.6198050953770908         63288.34727048012     
   0.6198050953770908         63295.61136634611     
   0.6210516149373960         63300.84679854608     
   0.6210516149373960         63286.47199712817     
   0.6210516149373960         63293.34713395213     
   0.6222981344977012         63298.12497900280     
   0.6222981344977012         63281.80659789436     
   0.6222981344977012         63289.62874697760     
   0.6235446540580064         63297.70486732098     
   0.6235446540580064         63281.33883235789     
   0.6235446540580064         63289.18561100130     
   0.6247911736183116         63298.30135154736     
   0.6247911736183116         63281.93138777282     
   0.6247911736183116         63289.78151904101     
   0.6260376931786168         63299.10537380628     
   0.6260376931786168         63282.79418558109     
   0.6260376931786168         63290.61698452398     
   0.6272842127389220         63299.16369447530     
   0.6272842127389220         63282.98575485891     
   0.6272842127389220         63290.74449101058     
   0.6285307322992272         63297.69286372002     
   0.6285307322992272         63281.72077559247     
   0.6285307322992272         63289.37945199988     
   0.6297772518595324         63294.08794167450     
   0.6297772518595324         63278.38268345495     
   0.6297772518595324         63285.91095879673     
   0.6310237714198376         63287.83747797902     
   0.6310237714198376         63272.44483524725     
   0.6310237714198376         63279.81981104968     
   0.6322702909801428         63278.51848304365     
   0.6322702909801428         63263.46659720064     
   0.6322702909801428         63270.67402097665     
   0.6335168105404479         63265.84908050884     
   0.6335168105404479         63251.14648001717     
   0.6335168105404479         63258.18172291767     
   0.6347633301007531         63243.38972668545     
   0.6347633301007531         63228.77070578596     
   0.6347633301007531         63235.76137328070     
   0.6360098496610583         63223.63328115863     
   0.6360098496610583         63209.38298518230     
   0.6360098496610583         63216.19126570301     
   0.6372563692213635         63200.32344393924     
   0.6372563692213635         63186.38751524108     
   0.6372563692213635         63193.03931650212     
   0.6385028887816687         63174.49205393738     
   0.6385028887816687         63160.76802134693     
   0.6385028887816687         63167.31337370994     
   0.6397494083419739         63147.65737727903     
   0.6397494083419739         63134.01071342516     
   0.6397494083419739         63140.51589720171     
   0.6409959279022791         63127.49793131701     
   0.6409959279022791         63113.74654700755     
   0.6409959279022791         63120.30391893772     
   0.6422424474625843         63102.08155194093     
   0.6422424474625843         63088.07586304003     
   0.6422424474625843         63094.75694534143     
   0.6434889670228895         63075.27313495521     
   0.6434889670228895         63061.01221864927     
   0.6434889670228895         63067.81873715734     
   0.6447354865831947         63055.58879519379     
   0.6447354865831947         63040.96326144491     
   0.6447354865831947         63047.95022438355     
   0.6459820061434999         63038.20120704555     
   0.6459820061434999         63023.19410536420     
   0.6459820061434999         63030.36985852324     
   0.6472285257038051         63023.32869104464     
   0.6472285257038051         63007.93339487804     
   0.6472285257038051         63015.30115539008     
   0.6484750452641103         63011.11115126781     
   0.6484750452641103         62995.32753573437     
   0.6484750452641103         63002.88736008241     
   0.6497215648244155         63001.52327482498     
   0.6497215648244155         62985.35866624277     
   0.6497215648244155         62993.10694304981     
   0.6509680843847206         62994.45049815114     
   0.6509680843847206         62977.91998031169     
   0.6509680843847206         62985.84926438539     
   0.6522146039450258         62989.68418897440     
   0.6522146039450258         62972.81066068219     
   0.6522146039450258         62980.90963277245     
   0.6534611235053310         62986.94259631236     
   0.6534611235053310         62969.75832838839     
   0.6534611235053310         62978.01100958668     
   0.6547076430656362         62985.88932491024     
   0.6547076430656362         62968.44288539957     
   0.6547076430656362         62976.82521183950     
   0.6559541626259414         62986.89621524921     
   0.6559541626259414         62969.08880998420     
   0.6559541626259414         62977.65446215094     
   0.6572006821862466         62988.00295284249     
   0.6572006821862466         62969.89100391888     
   0.6572006821862466         62978.61204146716     
   0.6584472017465518         62988.14023901759     
   0.6584472017465518         62969.88588624494     
   0.6584472017465518         62978.68014834169     
   0.6596937213068570         62986.69635356356     
   0.6596937213068570         62968.51792608813     
   0.6596937213068570         62977.27448369345     
   0.6609402408671622         62983.20371320430     
   0.6609402408671622         62967.35194305401     
   0.6609402408671622         62974.67904175099     
   0.6621867604274674         62979.15590283509     
   0.6621867604274674         62964.19050547048     
   0.6621867604274674         62971.33562793899     
   0.6634332799877726         62972.64268889702     
   0.6634332799877726         62958.07217444034     
   0.6634332799877726         62965.02275241860     
   0.6646797995480778         62963.31968376430     
   0.6646797995480778         62949.12791305983     
   0.6646797995480778         62955.89136397989     
   0.6659263191083830         62951.70658360775     
   0.6659263191083830         62937.83987505099     
   0.6659263191083830         62944.44236906180     
   0.6671728386686882         62938.43436592649     
   0.6671728386686882         62924.81449766124     
   0.6671728386686882         62931.29454798213     
   0.6684193582289933         62924.05196280923     
   0.6684193582289933         62910.59081651287     
   0.6684193582289933         62916.99198987742     
   0.6696658777892985         62908.98546211833     
   0.6696658777892985         62895.59463545268     
   0.6696658777892985         62901.96062971986     
   0.6709123973496037         62893.77351614381     
   0.6709123973496037         62880.36710421246     
   0.6709123973496037         62886.74040401767     
   0.6721589169099089         62878.96882304460     
   0.6721589169099089         62865.46905579780     
   0.6721589169099089         62871.88818387439     
   0.6734054364702141         62864.94082811845     
   0.6734054364702141         62851.28775232608     
   0.6734054364702141         62857.78250626163     
   0.6746519560305193         62851.71615360980     
   0.6746519560305193         62837.87594371103     
   0.6746519560305193         62844.46319027873     
   0.6758984755908245         62839.21211826139     
   0.6758984755908245         62825.16913670543     
   0.6758984755908245         62831.85657773040     
   0.6771449951511297         62827.67641579725     
   0.6771449951511297         62813.41069912105     
   0.6771449951511297         62820.20815093981     
   0.6783915147114349         62817.40670741296     
   0.6783915147114349         62802.89578285798     
   0.6783915147114349         62809.81434953878     
   0.6796380342717401         62808.60274289647     
   0.6796380342717401         62793.82885692727     
   0.6796380342717401         62800.87735705665     
   0.6808845538320453         62801.33493037272     
   0.6808845538320453         62786.28974231984     
   0.6808845538320453         62793.47235938663     
   0.6821310733923505         62795.58267613668     
   0.6821310733923505         62780.26975034358     
   0.6821310733923505         62787.58477370502     
   0.6833775929526557         62791.24772936500     
   0.6833775929526557         62775.68436348553     
   0.6833775929526557         62783.12329164326     
   0.6846241125129608         62784.90147781186     
   0.6846241125129608         62769.22505406158     
   0.6846241125129608         62776.72073152149     
   0.6858706320732660         62783.64046008608     
   0.6858706320732660         62767.79064905070     
   0.6858706320732660         62775.37396656436     
   0.6871171516335712         62782.31920660423     
   0.6871171516335712         62766.35572431397     
   0.6871171516335712         62773.99690617535     
   0.6883636711938764         62780.33640538032     
   0.6883636711938764         62764.32669579994     
   0.6883636711938764         62771.99196450445     
   0.6896101907541816         62777.22836176156     
   0.6896101907541816         62761.23612545768     
   0.6896101907541816         62768.89349058652     
   0.6908567103144868         62772.63557305351     
   0.6908567103144868         62756.71502190972     
   0.6908567103144868         62764.33717699697     
   0.6921032298747920         62766.28882302324     
   0.6921032298747920         62750.48316890846     
   0.6921032298747920         62758.04825086500     
   0.6933497494350972         62757.28287667614     
   0.6933497494350972         62741.71085071262     
   0.6933497494350972         62749.15696808208     
   0.6945962689954024         62747.47512933141     
   0.6945962689954024         62732.03327753074     
   0.6945962689954024         62739.41560616311     
   0.6958427885557076         62735.50024535949     
   0.6958427885557076         62720.19373892387     
   0.6958427885557076         62727.50883281052     
   0.6970893081160128         62721.58912318170     
   0.6970893081160128         62706.37664310854     
   0.6970893081160128         62713.64461726496     
   0.6983358276763180         62705.76794469996     
   0.6983358276763180         62690.62839380369     
   0.6983358276763180         62697.85856967010     
   0.6995823472366232         62688.40019811300     
   0.6995823472366232         62673.69141871158     
   0.6995823472366232         62680.49724243853     
   0.7008288667969284         62670.51637127847     
   0.7008288667969284         62657.28620056192     
   0.7008288667969284         62663.56044275723     
   0.7020753863572335         62654.11496550032     
   0.7020753863572335         62640.96180100776     
   0.7020753863572335         62647.19757575099     
   0.7033219059175387         62638.40222256265     
   0.7033219059175387         62625.25334535527     
   0.7033219059175387         62631.48681584458     
   0.7045684254778439         62623.71017728114     
   0.7045684254778439         62610.50438051704     
   0.7045684254778439         62616.76608311806     
   0.7058149450381491         62610.26424905084     
   0.7058149450381491         62596.95293554639     
   0.7058149450381491         62603.26710580849     
   0.7070614645984543         62598.25522372926     
   0.7070614645984543         62584.80157225912     
   0.7070614645984543         62591.18656741909     
   0.7083079841587595         62587.80948377796     
   0.7083079841587595         62574.18799899710     
   0.7083079841587595         62580.65654921628     
   0.7095545037190647         62578.99151208877     
   0.7095545037190647         62565.18646405325     
   0.7095545037190647         62571.74645520402     
   0.7108010232793699         62571.79891939947     
   0.7108010232793699         62557.80303850973     
   0.7108010232793699         62564.45815154849     
   0.7120475428396751         62566.16855134827     
   0.7120475428396751         62551.98190850899     
   0.7120475428396751         62558.73217708384     
   0.7132940623999803         62561.99831952561     
   0.7132940623999803         62547.62649211594     
   0.7132940623999803         62554.46921916948     
   0.7145405819602855         62559.13251393421     
   0.7145405819602855         62544.58732583132     
   0.7145405819602855         62551.51671679923     
   0.7157871015205907         62557.30393576350     
   0.7157871015205907         62542.60777498146     
   0.7157871015205907         62549.61281072056     
   0.7170336210808959         62556.05201874453     
   0.7170336210808959         62541.24232388166     
   0.7170336210808959         62548.30449448204     
   0.7182801406412010         62554.73997760283     
   0.7182801406412010         62539.87122381269     
   0.7182801406412010         62546.96348614863     
   0.7195266602015062         62552.69153720092     
   0.7195266602015062         62537.82366830049     
   0.7195266602015062         62544.91613976570     
   0.7207731797618114         62543.89158734686     
   0.7207731797618114         62529.14825265588     
   0.7207731797618114         62536.17629693019     
   0.7220196993221166         62539.71422163254     
   0.7220196993221166         62525.09314558652     
   0.7220196993221166         62532.06158976143     
   0.7232662188824218         62534.07262570022     
   0.7232662188824218         62519.57121444309     
   0.7232662188824218         62526.48100303962     
   0.7245127384427270         62527.06166942578     
   0.7245127384427270         62512.66075636138     
   0.7245127384427270         62519.52113440412     
   0.7257592580030322         62518.71942212701     
   0.7257592580030322         62504.39640174712     
   0.7257592580030322         62511.21832958622     
   0.7270057775633374         62509.04546666371     
   0.7270057775633374         62494.77795915348     
   0.7270057775633374         62501.57220750742     
   0.7282522971236426         62498.14441654869     
   0.7282522971236426         62483.91181550491     
   0.7282522971236426         62490.68821271342     
   0.7294988166839478         62486.28742365100     
   0.7294988166839478         62472.05762623170     
   0.7294988166839478         62478.83177713426     
   0.7307453362442530         62473.77301277163     
   0.7307453362442530         62459.50959326897     
   0.7307453362442530         62466.29928228393     
   0.7319918558045582         62460.94548220174     
   0.7319918558045582         62446.61174365229     
   0.7319918558045582         62453.43495894980     
   0.7332383753648634         62448.06328802533     
   0.7332383753648634         62433.63235363754     
   0.7332383753648634         62440.50225962355     
   0.7344848949251686         62435.24791007415     
   0.7344848949251686         62420.71126657836     
   0.7344848949251686         62427.63186986170     
   0.7357314144854737         62422.67734627541     
   0.7357314144854737         62408.02445713379     
   0.7357314144854737         62415.00078632611     
   0.7369779340457789         62410.56864040125     
   0.7369779340457789         62395.78696340497     
   0.7369779340457789         62402.82508440061     
   0.7382244536060841         62399.04922329295     
   0.7382244536060841         62385.12117127558     
   0.7382244536060841         62391.47561758676     
   0.7394709731663893         62389.46526548875     
   0.7394709731663893         62376.05428844521     
   0.7394709731663893         62382.40770643263     
   0.7407174927266945         62381.55752860794     
   0.7407174927266945         62368.13955518647     
   0.7407174927266945         62374.49685326822     
   0.7419640122869997         62374.86585171720     
   0.7419640122869997         62361.43268754582     
   0.7419640122869997         62367.79807233198     
   0.7432105318473049         62369.37218015185     
   0.7432105318473049         62355.92039666881     
   0.7432105318473049         62362.29574397013     
   0.7444570514076101         62364.93310893810     
   0.7444570514076101         62351.46807957309     
   0.7444570514076101         62357.85096413679     
   0.7457035709679153         62361.28003466813     
   0.7457035709679153         62347.81608388853     
   0.7457035709679153         62354.19961176057     
   0.7469500905282205         62358.02325686708     
   0.7469500905282205         62344.58377175688     
   0.7469500905282205         62350.95646788403     
   0.7481966100885257         62354.68678617389     
   0.7481966100885257         62341.30172381415     
   0.7481966100885257         62347.64875369038     
   0.7494431296488309         62350.78647089468     
   0.7494431296488309         62337.48741730440     
   0.7494431296488309         62343.79303104780     
   0.7506896492091361         62345.82430893707     
   0.7506896492091361         62332.64035043328     
   0.7506896492091361         62338.88991722033     
   0.7519361687694412         62339.42867002942     
   0.7519361687694412         62326.37824114779     
   0.7519361687694412         62332.56231604449     
   0.7531826883297464         62331.38575106298     
   0.7531826883297464         62318.47018732139     
   0.7531826883297464         62324.58773643284     
   0.7544292078900516         62321.79131345972     
   0.7544292078900516         62308.98635146151     
   0.7544292078900516         62315.04902295586     
   0.7556757274503568         62310.95911261671     
   0.7556757274503568         62298.21913566475     
   0.7556757274503568         62304.24922596922     
   0.7569222470106620         62299.22314568375     
   0.7569222470106620         62286.49263005259     
   0.7569222470106620         62292.51742263814     
   0.7581687665709672         62286.84360973592     
   0.7581687665709672         62274.07055413312     
   0.7581687665709672         62280.11561443150     
   0.7594152861312724         62274.13078242329     
   0.7594152861312724         62261.26637164994     
   0.7594152861312724         62267.35573779274     
   0.7606618056915776         62261.36299341235     
   0.7606618056915776         62248.36563834754     
   0.7606618056915776         62254.51980146876     
   0.7619083252518828         62248.81197301979     
   0.7619083252518828         62235.64985316109     
   0.7619083252518828         62241.88452431847     
   0.7631548448121880         62232.44483431007     
   0.7631548448121880         62219.34183582271     
   0.7631548448121880         62225.54365979872     
   0.7644013643724932         62221.66671222391     
   0.7644013643724932         62208.36768493254     
   0.7644013643724932         62214.66674870085     
   0.7656478839327984         62211.42158260159     
   0.7656478839327984         62197.90008985730     
   0.7656478839327984         62204.30931482244     
   0.7668944034931036         62201.96354674586     
   0.7668944034931036         62188.18837539911     
   0.7668944034931036         62194.72313643451     
   0.7681409230534088         62193.45493150334     
   0.7681409230534088         62179.39855235880     
   0.7681409230534088         62186.07243362020     
   0.7693874426137139         62185.97523986673     
   0.7693874426137139         62171.61937841972     
   0.7693874426137139         62178.44136083699     
   0.7706339621740191         62179.56397868906     
   0.7706339621740191         62164.89996947668     
   0.7706339621740191         62171.87425284302     
   0.7718804817343243         62174.22782434785     
   0.7718804817343243         62159.25631616166     
   0.7718804817343243         62166.38247444994     
   0.7731270012946295         62169.92217060746     
   0.7731270012946295         62154.65730495696     
   0.7731270012946295         62161.92821233201     
   0.7743735208549347         62166.50509540649     
   0.7743735208549347         62150.98510602013     
   0.7743735208549347         62158.38165748797     
   0.7756200404152399         62163.72535669793     
   0.7756200404152399         62149.35524090370     
   0.7756200404152399         62156.08500882859     
   0.7768665599755451         62162.70883604774     
   0.7768665599755451         62148.56850430538     
   0.7768665599755451         62155.27878968788     
   0.7781130795358503         62161.87045023968     
   0.7781130795358503         62147.83748234906     
   0.7781130795358503         62154.49645774548     
   0.7793595990961555         62160.29165300984     
   0.7793595990961555         62146.43748836645     
   0.7793595990961555         62153.00990169749     
   0.7806061186564607         62157.23593759442     
   0.7806061186564607         62143.62872560733     
   0.7806061186564607         62150.08071629674     
   0.7818526382167659         62152.19382982601     
   0.7818526382167659         62138.88428071768     
   0.7818526382167659         62145.19041670094     
   0.7830991577770711         62144.99303332737     
   0.7830991577770711         62132.00341813031     
   0.7830991577770711         62138.15231502289     
   0.7843456773373763         62135.69072436595     
   0.7843456773373763         62123.01307982595     
   0.7843456773373763         62129.00834323869     
   0.7855921968976814         62124.47481533422     
   0.7855921968976814         62112.07586046617     
   0.7855921968976814         62117.93370813807     
   0.7868387164579866         62111.51673405222     
   0.7868387164579866         62099.34985623893     
   0.7868387164579866         62105.09314587572     
   0.7880852360182918         62096.89285814514     
   0.7880852360182918         62084.90859807876     
   0.7880852360182918         62090.56158330692     
   0.7893317555785970         62080.67592899360     
   0.7893317555785970         62068.81755587887     
   0.7893317555785970         62074.40799210360     
   0.7905782751389022         62063.19966981537     
   0.7905782751389022         62051.39921777509     
   0.7905782751389022         62056.96038000206     
   0.7918247946992074         62045.17200254633     
   0.7918247946992074         62033.33793841757     
   0.7918247946992074         62038.91492011382     
   0.7930713142595126         62027.28750220214     
   0.7930713142595126         62015.32085567753     
   0.7930713142595126         62020.96252402681     
   0.7943178338198178         62010.25133459779     
   0.7943178338198178         61998.05792351950     
   0.7943178338198178         62003.81090582738     
   0.7955643533801230         61994.54196747005     
   0.7955643533801230         61982.05150475907     
   0.7955643533801230         61987.95072377158     
   0.7968108729404282         61980.32724370217     
   0.7968108729404282         61967.50274182842     
   0.7968108729404282         61973.56663204851     
   0.7980573925007334         61967.78793170609     
   0.7980573925007334         61954.60833736561     
   0.7980573925007334         61960.84741272983     
   0.7993039120610386         61957.13990532951     
   0.7993039120610386         61943.58893081670     
   0.7993039120610386         61950.01132701722     
   0.8005504316213438         61948.56097682851     
   0.8005504316213438         61934.62978278022     
   0.8005504316213438         61941.23995173297     
   0.8017969511816490         61938.95727331915     
   0.8017969511816490         61924.93119827934     
   0.8017969511816490         61931.58538360794     
   0.8030434707419541         61935.76280976491     
   0.8030434707419541         61921.32700468846     
   0.8030434707419541         61928.18540767515     
   0.8042899903022593         61934.48499798842     
   0.8042899903022593         61919.64511118604     
   0.8042899903022593         61926.70498384687     
   0.8055365098625645         61934.84890840338     
   0.8055365098625645         61919.63146298693     
   0.8055365098625645         61926.87964464397     
   0.8067830294228697         61936.35926444281     
   0.8067830294228697         61920.82791338713     
   0.8067830294228697         61928.23269163872     
   0.8080295489831749         61938.28181727362     
   0.8080295489831749         61922.54874150761     
   0.8080295489831749         61930.05409764942     
   0.8092760685434801         61939.90116168455     
   0.8092760685434801         61924.10423430711     
   0.8092760685434801         61931.64125384585     
   0.8105225881037853         61940.67635881181     
   0.8105225881037853         61924.90991114777     
   0.8105225881037853         61932.43095615984     
   0.8117691076640905         61940.13574952060     
   0.8117691076640905         61925.52257292866     
   0.8117691076640905         61932.42491558752     
   0.8130156272243957         61939.12885210397     
   0.8130156272243957         61924.91008117325     
   0.8130156272243957         61931.66361116184     
   0.8142621467847009         61936.73120155442     
   0.8142621467847009         61922.84487821077     
   0.8142621467847009         61929.43475306293     
   0.8155086663450061         61932.77815770284     
   0.8155086663450061         61919.23308372861     
   0.8155086663450061         61925.65477201664     
   0.8167551859053113         61927.05879637539     
   0.8167551859053113         61913.85156030489     
   0.8167551859053113         61920.10647759663     
   0.8180017054656165         61919.60098993217     
   0.8180017054656165         61906.70782208211     
   0.8180017054656165         61912.80746177532     
   0.8192482250259217         61910.63774814660     
   0.8192482250259217         61898.01245338325     
   0.8192482250259217         61903.97938720014     
   0.8204947445862268         61900.63771432292     
   0.8204947445862268         61888.21377109155     
   0.8204947445862268         61894.08076239134     
   0.8217412641465320         61890.06737345284     
   0.8217412641465320         61877.77051422215     
   0.8217412641465320         61883.57428378332     
   0.8229877837068372         61879.24331399168     
   0.8229877837068372         61867.00550919112     
   0.8229877837068372         61872.77976002861     
   0.8242343032671424         61868.39369735747     
   0.8242343032671424         61856.15627956391     
   0.8242343032671424         61861.93007061435     
   0.8250000000000000         61857.77302988742     
   0.8250000000000000         61850.22220091183     
   0.8250000000000000         61853.78623086319  ]   
