0.492005157	0.467441230	0.459545437	0.465345055	0.482107101	0.507344597	0.538819916	0.574545262	0.612780351	0.652027430	0.691023769	0.728731813	0.764327200	0.797184882	0.826863597	0.853088978	0.875735570	0.894808076	0.910422118	0.922784839	0.932175638	0.938927350	0.943408159	0.946004515	0.947105320	0.947087624	0.946304032	0.945072020	0.943665298	0.942307368	0.941167338	0.940358063	0.939936629	0.939907154	0.940225858	0.940808316	0.941538763	0.942281307	0.942892858	0.943237569	0.943202557	0.942714632	0.941757790	0.940391164	0.938767143	0.937149365	0.935930287	0.935648021	0.937002162	0.940868323
0.439654362	0.413771738	0.404463651	0.408762029	0.423940316	0.447519612	0.477271865	0.511220171	0.547636272	0.585035364	0.622168371	0.658011875	0.691755901	0.722789803	0.750686508	0.775185396	0.796174101	0.813669550	0.827798537	0.838778144	0.846896333	0.852492988	0.855941728	0.857632743	0.857956936	0.857291589	0.855987785	0.854359756	0.852676323	0.851154536	0.849955619	0.849183256	0.848884245	0.849051492	0.849629290	0.850520800	0.851597588	0.852711089	0.853705786	0.854433901	0.854771365	0.854634794	0.853999214	0.852916226	0.851532338	0.850107134	0.849031004	0.848842117	0.850242353	0.854111916
0.400165288	0.373154119	0.362636958	0.365649409	0.379470250	0.401627453	0.429901225	0.462324152	0.497178516	0.532990908	0.568524306	0.602767785	0.634924091	0.664395312	0.690766904	0.713790358	0.733364812	0.749517887	0.762386093	0.772195091	0.779240148	0.783867063	0.786453885	0.787393689	0.787078672	0.785885814	0.784164307	0.782224956	0.780331683	0.778695267	0.777469415	0.776749190	0.776571836	0.776919957	0.777727002	0.778884960	0.780254131	0.781674816	0.782980739	0.784013977	0.784641160	0.784770678	0.784370617	0.783487133	0.782262959	0.780955746	0.779955927	0.779803810	0.781205592	0.785048034
0.371313783	0.343343564	0.331799185	0.333719030	0.346386199	0.367334410	0.394350909	0.425476464	0.459002508	0.493465582	0.527639213	0.560523435	0.591332161	0.619478647	0.644559327	0.666336281	0.684718660	0.699743354	0.711555235	0.720387275	0.726540877	0.730366703	0.732246307	0.732574861	0.731745214	0.730133558	0.728086875	0.725912388	0.723869140	0.722161835	0.720937032	0.720281717	0.720224296	0.720737952	0.721746334	0.723131455	0.724743682	0.726413655	0.727965929	0.729234129	0.730077369	0.730397675	0.730158114	0.729401354	0.728268340	0.727016778	0.726039121	0.725879758	0.727251099	0.731048288
0.351091847	0.322312343	0.309902071	0.310901375	0.322596750	0.342526626	0.368484169	0.398517114	0.430924770	0.464252282	0.497282340	0.529024514	0.558702439	0.585739093	0.609740448	0.630477758	0.647868815	0.661958455	0.672898659	0.680928542	0.686354568	0.689531295	0.690842937	0.690686041	0.689453535	0.687520390	0.685231101	0.682889188	0.680748860	0.679008954	0.677809249	0.677229191	0.677289039	0.677953406	0.679137137	0.680713407	0.682523924	0.684391056	0.686131688	0.687572593	0.688567048	0.689012459	0.688868672	0.688176698	0.687077544	0.685830819	0.684832830	0.684633848	0.685954242	0.689699219
0.337707598	0.308249942	0.295115575	0.295346068	0.306230469	0.325310993	0.350385693	0.379508177	0.410984452	0.443367044	0.475446530	0.506240712	0.534981621	0.561100631	0.584211927	0.604094643	0.620673947	0.634001414	0.644234987	0.651618851	0.656463557	0.659126678	0.659994321	0.659463767	0.657927505	0.655758907	0.653299748	0.650849761	0.648658384	0.646918801	0.645764385	0.645267560	0.645441105	0.646241877	0.647576862	0.649311476	0.651279964	0.653297730	0.655175398	0.656734376	0.657823675	0.658337701	0.658234745	0.657555861	0.656443820	0.655161841	0.654111767	0.653851395	0.655110652	0.658806334
0.329582773	0.299560700	0.285825668	0.285419828	0.295634038	0.314013457	0.338360112	0.366732486	0.397442233	0.429048142	0.460347529	0.490365240	0.518340504	0.543711877	0.566100564	0.585292394	0.601218772	0.613936911	0.623609678	0.630485365	0.634877724	0.637146555	0.637679172	0.636873019	0.635119694	0.632790649	0.630224743	0.627717870	0.625514778	0.623803227	0.622710547	0.622302641	0.622585453	0.623508847	0.624972846	0.626836119	0.628926567	0.631053848	0.633023630	0.634653343	0.635789171	0.636324021	0.636216160	0.635508234	0.634346342	0.632998860	0.631874696	0.631540663	0.632737681	0.636395505
0.325347854	0.294859055	0.280629709	0.279701990	0.289367914	0.307174854	0.330927995	0.358689818	0.388776679	0.419752643	0.450420729	0.479811768	0.507171106	0.531943403	0.553755803	0.572399775	0.587811932	0.600054142	0.609293268	0.615780847	0.619833044	0.621811189	0.622103200	0.621106180	0.619210452	0.616785272	0.614166438	0.611645972	0.609464042	0.607803211	0.606785122	0.606469645	0.606856491	0.607889256	0.609461840	0.611427101	0.613607635	0.615808481	0.617831553	0.619491567	0.620633207	0.621149240	0.620999302	0.620229036	0.618989276	0.617554950	0.616343396	0.615931774	0.617073267	0.620711800
0.323834975	0.292962538	0.278329542	0.276977715	0.286199679	0.303544386	0.326819482	0.354090673	0.383678195	0.414150517	0.444315451	0.473208880	0.500081313	0.524382552	0.545744730	0.563964018	0.578981329	0.590862318	0.599777024	0.605979469	0.609787543	0.611563495	0.611695325	0.610579368	0.608604340	0.606137084	0.603510221	0.601011911	0.598877854	0.597285651	0.596351609	0.596130025	0.596614945	0.597744379	0.599406873	0.601450347	0.603693043	0.605936408	0.607979697	0.609636064	0.610749884	0.611215014	0.610993705	0.610135853	0.608798278	0.607263694	0.605959076	0.605473090	0.606572296	0.610215831
0.324068759	0.292882679	0.277922481	0.276229068	0.285095213	0.302070921	0.324965699	0.351847827	0.381040713	0.411116478	0.440886943	0.469392227	0.495887175	0.519825898	0.540844685	0.558743597	0.573467053	0.585083741	0.593766165	0.599770173	0.603414789	0.605062658	0.605101415	0.603926270	0.601924066	0.599459057	0.596860618	0.594413073	0.592347787	0.590837631	0.589993915	0.589865798	0.590442199	0.591656162	0.593391595	0.595492270	0.597772944	0.600032398	0.602068213	0.603693012	0.604751927	0.605140990	0.604826172	0.603862727	0.602414552	0.600773222	0.599376390	0.598825225	0.599900606	0.603577764
0.325255298	0.293814020	0.278590375	0.276624151	0.285207914	0.301892290	0.324488164	0.351065846	0.379951324	0.409719739	0.439186255	0.467394536	0.493603061	0.517269536	0.538033697	0.555698796	0.570212086	0.581644641	0.590170826	0.596047760	0.599595098	0.601175442	0.601175699	0.599989661	0.598002087	0.595574516	0.593033040	0.590658197	0.588677161	0.587258311	0.586508278	0.586471494	0.587132247	0.588419188	0.590212234	0.592351728	0.594649710	0.596903133	0.598908774	0.600479633	0.601462533	0.601756636	0.601332584	0.600251942	0.598686624	0.596937975	0.595455200	0.594852807	0.595926773	0.599669136
0.326769478	0.295121454	0.279686975	0.277504508	0.285866144	0.302322810	0.324686381	0.351028764	0.379678049	0.409211881	0.438448221	0.466433708	0.492429866	0.515897405	0.536478919	0.553980267	0.568350975	0.579663966	0.588094963	0.593901897	0.597404643	0.598965407	0.598970072	0.597810785	0.595870065	0.593506658	0.591043363	0.588757010	0.586870732	0.585548645	0.584893012	0.584943920	0.585681476	0.587030462	0.588867386	0.591029795	0.593327707	0.595556968	0.597514317	0.599013920	0.599905093	0.600090941	0.599547590	0.598343716	0.596660026	0.594808391	0.593250284	0.592614218	0.593711882	0.597552675
0.328140895	0.296326128	0.280723829	0.278371034	0.286559180	0.302839262	0.325023868	0.351186172	0.379655999	0.409013094	0.438077779	0.465899218	0.491741507	0.515067885	0.535523323	0.552915822	0.567196722	0.578440364	0.586823427	0.592604286	0.596102712	0.597680238	0.597721500	0.596616835	0.594746417	0.592466157	0.590095589	0.587907926	0.586122419	0.584899147	0.584336295	0.584469960	0.585276479	0.586677231	0.588545830	0.590717590	0.593001102	0.595191736	0.597086845	0.598502427	0.599290972	0.599360200	0.598692391	0.597363981	0.595565102	0.593618742	0.591999195	0.591349490	0.592497483	0.596470329
0.329038615	0.297090157	0.281354987	0.278868666	0.286921894	0.303065595	0.325112885	0.351137982	0.379472180	0.408697027	0.437634886	0.465337097	0.491069973	0.514298911	0.534670895	0.551995699	0.566226129	0.577437609	0.585807464	0.591594236	0.595117348	0.596737457	0.596837796	0.595806783	0.594022191	0.591837093	0.589567810	0.587484045	0.585801335	0.584675941	0.584202241	0.584412664	0.585280149	0.586723082	0.588612635	0.590782373	0.593039968	0.595180847	0.597003520	0.598326371	0.599005610	0.598954120	0.598160860	0.596710534	0.594803174	0.592773328	0.591108513	0.590466622	0.591691977	0.595829733
0.329255051	0.297200446	0.281360753	0.278770105	0.286718457	0.302756613	0.324698125	0.350618124	0.378849210	0.407974539	0.436818295	0.464433753	0.490089190	0.513251898	0.533570602	0.550856592	0.565063881	0.576268737	0.584648910	0.590462910	0.594029648	0.595708772	0.595882014	0.594935820	0.593245547	0.591161461	0.588996750	0.587017728	0.585436385	0.584405375	0.584015523	0.584295882	0.585216319	0.586692589	0.588593807	0.590752196	0.592974937	0.595057945	0.596801329	0.598026294	0.598593204	0.598420515	0.597504261	0.595937778	0.593931332	0.591831324	0.590138743	0.589526549	0.590855679	0.595189380
0.328689233	0.296551862	0.280630802	0.277958869	0.285825344	0.301780947	0.323639657	0.349477481	0.377628250	0.406676630	0.435448502	0.462998934	0.488598007	0.511714742	0.531999437	0.549264723	0.563465656	0.574679192	0.583083369	0.588936544	0.592557018	0.594303362	0.594555768	0.593698699	0.592105126	0.590122571	0.588061183	0.586184025	0.584699706	0.583757474	0.583444838	0.583787733	0.584753241	0.586254792	0.588159769	0.590299389	0.592480682	0.594500398	0.596160580	0.597285585	0.597740241	0.597448869	0.596414842	0.594740361	0.592646119	0.590490523	0.588788141	0.588227058	0.589684832	0.594242752
0.327329760	0.295130087	0.279146927	0.276411959	0.284213934	0.300103594	0.321895424	0.347666342	0.375751430	0.404736850	0.433450141	0.460948114	0.486502585	0.509584225	0.529844821	0.547098258	0.561300553	0.572529274	0.580962680	0.586858926	0.590535671	0.592350394	0.592681758	0.591912282	0.590412611	0.588527610	0.586564509	0.584783259	0.583389256	0.582528538	0.582285503	0.582683203	0.583686181	0.585205798	0.587107970	0.589223170	0.591358545	0.593311930	0.594887550	0.595913135	0.596258182	0.595853052	0.594708595	0.592935984	0.590766402	0.588570281	0.586875741	0.586385915	0.587994850	0.592801697
0.325237719	0.292994409	0.276965723	0.274182443	0.281933002	0.297768337	0.319503584	0.345216696	0.373244089	0.402173490	0.430834143	0.458284627	0.483798505	0.506848099	0.527086679	0.544329374	0.558533155	0.569776194	0.578236972	0.584173455	0.587902680	0.589781076	0.590185832	0.589497596	0.588084779	0.586289703	0.584416807	0.582723079	0.581410870	0.580623182	0.580441500	0.580886191	0.581919465	0.583450824	0.585344921	0.587431689	0.589518577	0.591404682	0.592896562	0.593825449	0.594065606	0.593553497	0.592307482	0.590447686	0.588215727	0.585993957	0.584323893	0.583923510	0.585703090	0.590779339
0.322529866	0.290260759	0.274201492	0.271382244	0.279091395	0.294880316	0.316565007	0.342224634	0.370197113	0.399071866	0.427679961	0.455081840	0.480552899	0.503567182	0.523779503	0.541006296	0.555205536	0.566456059	0.574936626	0.580905078	0.584677905	0.586610569	0.587078878	0.586461714	0.585125372	0.583409764	0.581616677	0.580000291	0.578760071	0.578036151	0.577907273	0.578391293	0.579448259	0.580985974	0.582867984	0.584923819	0.586961350	0.588781033	0.590191828	0.591028508	0.591170105	0.590559150	0.589221433	0.587285910	0.585004462	0.582771142	0.581140591	0.580845307	0.582811434	0.588172811
0.319362341	0.287085273	0.271009659	0.268165417	0.275841191	0.291589079	0.313226207	0.338833200	0.366749686	0.395566984	0.424118159	0.451465678	0.476886911	0.499857757	0.520034698	0.537235585	0.551419510	0.562666080	0.571154446	0.577142432	0.580946099	0.582920058	0.583438865	0.582879767	0.581607085	0.579958460	0.578233183	0.576682775	0.575503973	0.574834199	0.574749601	0.575265669	0.576340423	0.577880092	0.579747216	0.581771005	0.583759808	0.585515469	0.586849341	0.587599699	0.587650254	0.586949483	0.585530426	0.583530652	0.581212028	0.578979984	0.577401913	0.577224404	0.579388989	0.585046110
0.315915195	0.283648652	0.267570976	0.264712210	0.272361618	0.288072363	0.309663009	0.335215930	0.363072734	0.391826882	0.420313665	0.447597783	0.472958777	0.495874584	0.516003519	0.533165019	0.547319445	0.558547327	0.567028354	0.573020485	0.576839496	0.578839300	0.579393349	0.578877411	0.577653986	0.576058601	0.574388203	0.572891813	0.571763581	0.571138363	0.571089845	0.571631271	0.572718734	0.574256973	0.576107580	0.578099479	0.580041497	0.581736829	0.582999149	0.583670114	0.583637960	0.582856892	0.581366946	0.579313989	0.576969515	0.574749910	0.573234848	0.573184491	0.575555182	0.581513351
0.312377984	0.280141580	0.264076777	0.261214156	0.268843998	0.284520902	0.306065221	0.331561402	0.359353346	0.388036939	0.416449966	0.443659612	0.468947824	0.491794793	0.511860885	0.528967314	0.543075906	0.554268296	0.562724895	0.568703970	0.572521188	0.574529934	0.575102728	0.574614026	0.573424673	0.571868244	0.570239500	0.568785108	0.567696779	0.567106925	0.567086887	0.567647758	0.568743780	0.570278249	0.572111830	0.574073147	0.575971457	0.577611215	0.578808285	0.579407526	0.579301466	0.578449763	0.576899114	0.574803295	0.572442981	0.570245021	0.568800814	0.568883491	0.571463553	0.577722714
0.308936667	0.276751451	0.260715529	0.257860466	0.265477979	0.281124502	0.302622557	0.328059025	0.355780428	0.384385400	0.412714515	0.439837723	0.465039639	0.487802962	0.507790341	0.524824995	0.538870431	0.550009601	0.558423834	0.564371905	0.568169562	0.570169850	0.570744539	0.570266951	0.569096445	0.567564811	0.565964781	0.564540810	0.563482302	0.562919346	0.562921031	0.563496376	0.564597820	0.566127234	0.567944346	0.569877426	0.571736069	0.573325858	0.574464660	0.575000305	0.574829329	0.573916500	0.572314780	0.570185401	0.567817710	0.565648449	0.564280125	0.564498158	0.567286486	0.573841333
0.305762041	0.273650610	0.257660905	0.254825926	0.262439270	0.278059623	0.299512074	0.324886312	0.352531840	0.381050371	0.409285587	0.436310501	0.461412678	0.484077592	0.503970427	0.520916652	0.534881685	0.545950014	0.554304106	0.560203448	0.563964070	0.565938873	0.566499064	0.566017010	0.564850760	0.563330483	0.561747029	0.560342787	0.559304973	0.558761456	0.558779158	0.559365078	0.560469880	0.561994008	0.563796206	0.565704313	0.567528134	0.569074206	0.570162180	0.570642577	0.570415610	0.569450769	0.567806834	0.565651987	0.563283683	0.561147934	0.559857676	0.560209888	0.563201159	0.570041399
0.302999880	0.270986333	0.255061579	0.252260529	0.259879103	0.275478673	0.296887300	0.322197867	0.349763223	0.378188504	0.406320824	0.433236566	0.458226533	0.480779247	0.500562690	0.517404825	0.531273219	0.542254125	0.550531360	0.556365336	0.560072568	0.562006005	0.562536481	0.562035586	0.560860230	0.559339116	0.557761362	0.556367419	0.555342431	0.554812138	0.554841365	0.555435130	0.556542336	0.558061972	0.559851738	0.561738932	0.563533422	0.565042495	0.566087331	0.566520837	0.566246535	0.565238213	0.563559983	0.561386432	0.559022516	0.556922853	0.555710086	0.556191976	0.559376936	0.566487687
0.300762981	0.268872685	0.253032925	0.250280994	0.257915593	0.273501205	0.294869271	0.320116256	0.347598718	0.375925558	0.403947644	0.430745031	0.455612049	0.478040536	0.497701527	0.514425723	0.528183068	0.539061802	0.547247307	0.553001121	0.556640441	0.558518452	0.559005794	0.558473455	0.557277363	0.555744910	0.554163618	0.552772123	0.551753600	0.551231741	0.551269333	0.551869445	0.552979211	0.554496129	0.556276776	0.558147788	0.559918926	0.561398008	0.562407469	0.562802270	0.562488857	0.561444862	0.559739220	0.557552351	0.555196077	0.553132930	0.551994502	0.552598534	0.555964403	0.563326733
0.299125225	0.267384420	0.251650744	0.248964341	0.256627137	0.272207153	0.293539610	0.318724928	0.346123727	0.374349006	0.402255695	0.428927812	0.453663484	0.475958122	0.495486054	0.512080946	0.525715338	0.536479661	0.544561060	0.550222389	0.553781707	0.555592613	0.556025718	0.555451568	0.554225262	0.552673018	0.551080891	0.549685811	0.548669079	0.548152416	0.548196615	0.548802818	0.549916380	0.551433261	0.553208828	0.555068924	0.556823024	0.558279248	0.559261004	0.559624965	0.559280098	0.558207423	0.556480171	0.554284007	0.551936972	0.549908798	0.548839264	0.549555258	0.553086245	0.560677828
0.298117777	0.266553027	0.250947156	0.248343616	0.256047994	0.271632254	0.292935782	0.318063311	0.345379855	0.373502819	0.401291483	0.427834095	0.452432826	0.474586893	0.493974131	0.510431375	0.523933953	0.534574670	0.542542608	0.548102106	0.551572246	0.553307194	0.553677685	0.553053963	0.551790432	0.550212264	0.548604159	0.547201445	0.546183634	0.545670539	0.545721005	0.546334259	0.547453866	0.548974196	0.550749317	0.552604150	0.554347702	0.555788170	0.556749647	0.557090181	0.556720860	0.555625627	0.553881487	0.551678762	0.549341061	0.547344603	0.546336578	0.547152193	0.550830115	0.558625994
0.297727483	0.266364988	0.250908713	0.248405863	0.256166097	0.271765711	0.293048611	0.318124174	0.345362112	0.373384516	0.401055270	0.427467085	0.451926391	0.473936406	0.493178658	0.509493318	0.522858663	0.533370021	0.541218557	0.546670230	0.550045282	0.551698575	0.552001092	0.551322896	0.550017816	0.548410082	0.546783146	0.545370820	0.544350903	0.543841361	0.543899129	0.544521537	0.545650341	0.547178279	0.548958035	0.550813481	0.552552991	0.553984613	0.554932859	0.555256818	0.554869312	0.553756757	0.551999419	0.549791702	0.547462140	0.545492740	0.544537334	0.545438628	0.549243611	0.557217053
0.297897521	0.266762297	0.251476789	0.249092374	0.256923173	0.272550165	0.293822106	0.318853310	0.346018453	0.373944550	0.401500307	0.427783085	0.452103750	0.473969671	0.493066209	0.509237002	0.522463390	0.532843339	0.540570199	0.545911653	0.549189201	0.550758501	0.550990882	0.550256324	0.548908168	0.547269802	0.545623508	0.544201666	0.543180429	0.542675972	0.542743357	0.543378035	0.544519947	0.546060158	0.547849900	0.549711885	0.551453698	0.552883042	0.553824590	0.554138170	0.553737968	0.552612452	0.550844657	0.548632517	0.546308875	0.544360842	0.543448153	0.544420207	0.548331459	0.556454881
0.298530283	0.267645240	0.252550248	0.250301243	0.258217162	0.273883994	0.295155623	0.320151555	0.347251654	0.375088047	0.402534426	0.428692950	0.452879033	0.474604305	0.493558047	0.509587440	0.522676959	0.532927269	0.540533967	0.545766520	0.548947748	0.550434165	0.550597510	0.549807748	0.548417807	0.546750295	0.545086401	0.543657137	0.542637074	0.542140648	0.542221090	0.542871993	0.544031489	0.545588947	0.547394092	0.549268392	0.551018513	0.552451638	0.553392383	0.553701037	0.553292822	0.552157862	0.550381513	0.548164717	0.545844048	0.543911074	0.543030725	0.544058320	0.548054948	0.556300903
0.299492479	0.268877410	0.253990355	0.251892171	0.259906926	0.275625894	0.296908330	0.321879134	0.348923523	0.376678878	0.404023985	0.430065880	0.454124593	0.475716058	0.494533505	0.510427678	0.523386203	0.533512452	0.541004280	0.546132951	0.549222617	0.550630673	0.550729297	0.549888472	0.548460757	0.546768032	0.545090443	0.543657694	0.542642828	0.542158595	0.542256440	0.542928138	0.544110026	0.545689778	0.547515583	0.549407605	0.551171499	0.552613791	0.553558857	0.553867215	0.553454837	0.552313158	0.550529445	0.548307184	0.545986141	0.544061744	0.543203450	0.544271773	0.548333647	0.556675838
0.300622376	0.270292876	0.255627882	0.253693487	0.261819165	0.277601706	0.298905922	0.323862256	0.350861387	0.378546027	0.405800097	0.431735536	0.455676983	0.477144653	0.495835695	0.511604373	0.524441410	0.534452842	0.541838732	0.546872100	0.549878399	0.551215880	0.551257151	0.550372215	0.548913274	0.547201508	0.545516059	0.544085364	0.543080996	0.542614072	0.542734309	0.543431706	0.544640851	0.546247743	0.548099044	0.550013587	0.551795964	0.553251955	0.554205561	0.554517350	0.554103810	0.552957398	0.551166943	0.548938064	0.546613242	0.544691222	0.543845381	0.544940752	0.549049376	0.557463693
0.301739071	0.271705421	0.257272281	0.255511258	0.263757462	0.279613372	0.300949493	0.325901893	0.352866761	0.380492147	0.407667087	0.433508367	0.457345162	0.478701879	0.497279477	0.512935629	0.525664043	0.535573300	0.542865567	0.547815518	0.550749824	0.552027523	0.552021596	0.551102036	0.549620671	0.547897985	0.546212132	0.544790327	0.543802716	0.543358847	0.543506771	0.544234785	0.545475787	0.547114161	0.548995079	0.550936070	0.552740654	0.554213828	0.555179145	0.555497100	0.555084528	0.553934687	0.552137687	0.549900932	0.547569214	0.545644117	0.544802397	0.545912994	0.550052380	0.558517925
0.302653676	0.272919696	0.258722812	0.257140377	0.265513312	0.281449908	0.302826429	0.327784592	0.354726073	0.382304196	0.409413015	0.435174034	0.458920818	0.480181792	0.498661550	0.514220984	0.526856600	0.536679345	0.543893314	0.548774679	0.551651185	0.552882537	0.552841995	0.551899466	0.550406359	0.548682441	0.547004889	0.545599716	0.544635694	0.544220868	0.544401707	0.545164892	0.546441728	0.548115076	0.550028703	0.551998904	0.553828179	0.555320765	0.556299755	0.556625522	0.556215152	0.555062552	0.553258911	0.551013153	0.548672045	0.546739617	0.545895532	0.547012101	0.551169618	0.559669708
0.303182216	0.273744135	0.259781449	0.258377444	0.266878972	0.282900202	0.304323161	0.329295167	0.356223285	0.383765976	0.410822136	0.436517784	0.460190637	0.481372897	0.499772526	0.515253378	0.527814491	0.537568924	0.544722459	0.549552545	0.552387802	0.553588428	0.553527821	0.552575691	0.551082953	0.549368610	0.547708851	0.546328510	0.545395036	0.545015048	0.545233527	0.546035660	0.547351284	0.549061871	0.551009919	0.553010614	0.554865548	0.556378290	0.557371533	0.557705556	0.557297679	0.556142394	0.554331846	0.552076299	0.549724253	0.547781865	0.546931325	0.548047858	0.552215046	0.560738168
0.303160078	0.274005422	0.260267360	0.259035249	0.267661939	0.283767476	0.305239586	0.330231072	0.357154216	0.384672398	0.411689100	0.437334563	0.460950348	0.482072096	0.500410803	0.515832932	0.528339719	0.538046003	0.545158945	0.549956981	0.552769349	0.553956517	0.553891826	0.552944644	0.551465281	0.549771913	0.548139712	0.546792351	0.545896008	0.545555963	0.545815834	0.546659454	0.548015362	0.549763818	0.551746241	0.553776894	0.555656643	0.557188550	0.558195053	0.558536443	0.558130345	0.556971864	0.555154071	0.552888481	0.550525178	0.548572226	0.547714045	0.548828403	0.553001730	0.561542432
0.302457756	0.273564294	0.260032753	0.258958642	0.267700822	0.283885150	0.305404926	0.330418239	0.357342344	0.384845239	0.411834650	0.437444672	0.461020305	0.482100217	0.500398006	0.515782323	0.528256178	0.537935790	0.545029313	0.549815820	0.552624844	0.553816845	0.553764874	0.552837766	0.551385088	0.549724098	0.548128917	0.546822066	0.545968510	0.545672296	0.545975817	0.546861734	0.548257493	0.550042377	0.552056968	0.554114860	0.556016444	0.557564522	0.558581498	0.558927880	0.558521759	0.557358972	0.555533590	0.553258392	0.550884990	0.548923235	0.548059581	0.549174067	0.553355608	0.561915302
0.300997660	0.272332429	0.258979817	0.258041523	0.266882369	0.283133897	0.304694780	0.329728128	0.356655838	0.384150148	0.411122607	0.436710698	0.460262380	0.481318840	0.499595770	0.514963498	0.527426312	0.537101322	0.544197229	0.548993316	0.551819039	0.553034510	0.553012213	0.552120223	0.550707192	0.549089354	0.547539726	0.546279687	0.545473056	0.545222764	0.545570152	0.546496922	0.547929679	0.549747012	0.551788973	0.553868813	0.555786779	0.557345734	0.558368370	0.558715699	0.558306546	0.557137704	0.555304412	0.553020837	0.550640169	0.548674030	0.547810812	0.548932648	0.553130681	0.561718351
0.298771719	0.270290142	0.257078509	0.256244693	0.265159370	0.281459579	0.303049095	0.328095707	0.355025549	0.382514637	0.409477833	0.435055467	0.458597878	0.479648188	0.497923586	0.513295482	0.525768860	0.535461172	0.542581133	0.547407755	0.550269972	0.551527168	0.551550931	0.550708308	0.549346845	0.547781621	0.546284487	0.545075690	0.544317979	0.544113305	0.544502158	0.545465531	0.546929490	0.548772270	0.550833768	0.552927287	0.554853338	0.556415266	0.557436454	0.557778814	0.557362269	0.556184895	0.554343388	0.552053521	0.549670234	0.547707004	0.546854177	0.547995906	0.552225400	0.560858186
0.295859489	0.267504617	0.254384886	0.253614275	0.262569155	0.278891806	0.300490768	0.325538094	0.352463670	0.379946750	0.406904915	0.432480710	0.456026201	0.477085766	0.495377411	0.510772956	0.523277422	0.533007969	0.540172731	0.545049897	0.547967383	0.549283407	0.549368288	0.548587752	0.547288010	0.545782837	0.544342855	0.543187186	0.542477593	0.542315214	0.542739911	0.543732264	0.545218152	0.547075854	0.549145552	0.551241077	0.553163696	0.554717741	0.555727793	0.556057158	0.555627328	0.554438100	0.552588020	0.550294812	0.547915433	0.545965426	0.545137207	0.546316984	0.550599973	0.559303630
0.292446475	0.264148365	0.251059684	0.250300405	0.259252373	0.275562798	0.297144574	0.322173535	0.349082761	0.376554117	0.403507234	0.429086157	0.452643938	0.473725453	0.492048762	0.507485342	0.520039514	0.529827441	0.537056010	0.542001978	0.544991686	0.546381699	0.546540656	0.545832626	0.544602239	0.543161803	0.541780635	0.540676746	0.540011016	0.539883947	0.540335041	0.541344799	0.542839314	0.544697374	0.546759957	0.548841969	0.550746019	0.552278021	0.553264357	0.553570326	0.553119568	0.551914153	0.550054983	0.547762186	0.545395131	0.543471735	0.542686724	0.543928501	0.548294330	0.557103537
0.288842352	0.260517608	0.247386849	0.246575882	0.255471757	0.271726237	0.293256105	0.318240417	0.345114812	0.372563072	0.399506124	0.425088722	0.448664077	0.469776728	0.488143949	0.503636036	0.516255807	0.526117650	0.533426477	0.538456935	0.541533187	0.543009609	0.543252708	0.542624534	0.541467860	0.540093356	0.538768954	0.537711572	0.537081320	0.536978276	0.537441877	0.538452927	0.539938190	0.541777486	0.543813173	0.545861864	0.547728174	0.549220292	0.550167107	0.550436611	0.549955283	0.548728126	0.546859022	0.544571071	0.542226559	0.540346213	0.539627409	0.540960995	0.545446434	0.554404957
0.285498793	0.257050273	0.243791681	0.242854458	0.251630537	0.267775804	0.289210401	0.314115983	0.340930046	0.368337517	0.395259793	0.420841465	0.444435009	0.465583707	0.484003132	0.499561496	0.512259231	0.522208107	0.529610275	0.534737537	0.537911218	0.539482933	0.539816567	0.539271757	0.538189130	0.536877529	0.535603418	0.534582652	0.533974704	0.533879461	0.534336630	0.535327742	0.536780746	0.538577081	0.540561140	0.542551954	0.544356901	0.545787229	0.546675137	0.546892118	0.546368289	0.545112360	0.543231928	0.540953752	0.538643656	0.536825720	0.536200427	0.537661430	0.542310641	0.551471333
0.283026583	0.254343288	0.240858306	0.239708461	0.248290206	0.264263067	0.285549955	0.310334439	0.337055108	0.364397194	0.391281664	0.416852008	0.440458991	0.461643655	0.480118881	0.495749827	0.508533590	0.518578423	0.526082858	0.531315077	0.534592860	0.536264440	0.536690562	0.536228032	0.535215022	0.533958351	0.532722939	0.531723611	0.531119352	0.531010125	0.531436275	0.532380536	0.533772605	0.535496196	0.537398464	0.539301647	0.541016728	0.542358894	0.543164557	0.543309624	0.542728754	0.541435248	0.539541270	0.537278036	0.535015643	0.533282180	0.532781805	0.534411442	0.539275805	0.548700441
0.282211712	0.253168880	0.239346145	0.237885436	0.246187311	0.261914409	0.282991768	0.307604132	0.334190352	0.361435063	0.388257841	0.413800065	0.437409753	0.458624652	0.477153900	0.492858562	0.505731394	0.515876169	0.523486901	0.528827318	0.532210910	0.533981875	0.534497264	0.534110616	0.533157324	0.531941981	0.530727887	0.529728882	0.529103637	0.528952481	0.529316806	0.530181071	0.531477343	0.533092326	0.534876736	0.536656890	0.538248298	0.539471064	0.540166808	0.540216867	0.539561452	0.538219451	0.536308554	0.534065344	0.531865036	0.530240497	0.529900235	0.531745014	0.536882800	0.546641747
0.284030173	0.254489568	0.240205102	0.238323496	0.246248971	0.261646698	0.282443158	0.306823476	0.333225881	0.360333453	0.387063356	0.412553790	0.436148924	0.457382100	0.475957598	0.491731295	0.504690548	0.514933635	0.522649102	0.528095350	0.531580793	0.533444909	0.534040483	0.533717324	0.532807716	0.531613822	0.530397246	0.529370906	0.528693351	0.528465598	0.528730537	0.529474912	0.530633844	0.532097801	0.533721931	0.535337574	0.536765786	0.537832639	0.538386061	0.538313930	0.537563125	0.536159219	0.534226492	0.532007916	0.529884776	0.528395591	0.528253996	0.530365265	0.535841171	0.546012886
0.289661166	0.259471569	0.244589160	0.242165114	0.249606826	0.264581396	0.285016012	0.309095344	0.335256071	0.362178704	0.388776921	0.414184620	0.437740973	0.458973745	0.477581197	0.493412871	0.506449615	0.516783155	0.524595578	0.530139045	0.533716078	0.535660722	0.536320900	0.536042221	0.535153516	0.533954315	0.532704459	0.531616023	0.530847646	0.530501387	0.530622118	0.531199486	0.532172389	0.533435907	0.534850552	0.536253713	0.537473076	0.538341833	0.538715406	0.538489419	0.537618632	0.536136502	0.534175072	0.531984818	0.529954156	0.528628231	0.528726682	0.531160062	0.537044588	0.547714959
0.300498449	0.269496362	0.253868143	0.250769052	0.257609155	0.272056833	0.292039217	0.315739645	0.341592272	0.368273989	0.394693867	0.419980337	0.443466371	0.464672947	0.483291094	0.499162834	0.512261352	0.522670726	0.530565555	0.536190822	0.539842311	0.541847902	0.542550041	0.542289655	0.541391778	0.540153102	0.538831654	0.537638751	0.536733368	0.536218985	0.536142982	0.536498564	0.537229195	0.538235459	0.539384238	0.540520058	0.541478410	0.542100832	0.542251508	0.541835111	0.540815582	0.539235562	0.537236117	0.535076452	0.533153263	0.532019392	0.532401457	0.535216144	0.541584845	0.552846369
0.318159600	0.286170154	0.269637371	0.265720214	0.271830888	0.285638389	0.305068995	0.328303804	0.353773438	0.380150081	0.406337040	0.431456072	0.454832713	0.475979902	0.494580189	0.510466850	0.523604223	0.534067610	0.542023069	0.547707434	0.551408887	0.553448394	0.554162299	0.553886359	0.552941466	0.551621276	0.550181956	0.548834177	0.547737508	0.546997271	0.546663912	0.546734896	0.547159083	0.547843518	0.548662518	0.549468905	0.550107213	0.550428631	0.550307461	0.549658802	0.548457174	0.546755780	0.544706068	0.542577281	0.540775639	0.539862840	0.540573541	0.543831501	0.550764098	0.562714913
