-2094456.886844468
1958159.372657489
10144411.305626350
455881.254454531
-20773711.599723760
22861456.713215463
92118.061886957
-2872165.380217001
755125.920852840
-7335321.433205508
-1689559.258396850
4629097.705312682
10032512.806644889
-19460013.043677822
15291950.968157077
-10826688.731279319
4186477.907646040
-862713.133135111
-23221938.994147424
-22987917.586874072
-17466752.307070941
9815458.597534586
-49617811.382321887
-6177763.990227620
-6300600.233698622
-9088661.289518952
6131907.880612675
14217972.721317558
32335076.781997640
24961290.817873817
37428674.238240190
-5113696.163280825
1151695.648775773
900872.712443353
11215575.933787033
18116944.677869987
-883471.074891156
23402255.184872072
1780686.334974070
11720500.676259166
9412052.170079090
-5181896.493420546
11895385.243039830
30911395.903852332
-13228932.625467073
-30108443.528208695
-15921045.503065879
-2702051.221207283
15372384.243990110
5157501.289708832
4720068.439015322
-1178579.856147690
-4151663.763017026
-10106440.879104406
4796649.692361290
-28261789.437736936
937162.131839278
-11269873.597372692
-2598618.097561975
-2207255.148464408
-27351884.349460542
6554663.795206137
-10414190.734809548
9541299.942773677
2527699.954887309
-1864927.446854535
-6874849.805023495
-8188857.579057377
4157700.362887518
-12288759.280143913
-7007137.676335244
-23904026.357346047
15272714.047574889
-8801803.439595509
5478717.018164879
-361272.202096102
-26084360.422785372
-9864033.199707951
8189443.449601544
-390896.766700540
3845012.846143711
3469951.812696607
2071403.037866512
2140756.797118532
9482367.201722115
12803017.688539639
24903209.700495362
-147143.661592015
-22226429.029243138
-19430448.671617590
4571176.697140579
4688935.937448363
-6022655.203746581
-10653043.829633767
20908664.403239854
-4235202.467142601
35428782.296842873
16394776.222051425
-6016431.184290092
-3552733.578218891
2764343.888450484
-102984.177220211
-1316311.796007375
3986630.523635210
23998194.598567825
11613311.345748406
6184795.031473507
275688.303103117
2719775.730534364
-22119834.465130217
-18889172.724168025
-8641247.996043047
-21733090.518853173
-8889832.308502896
-9095568.237327946
12098540.064256322
-4262826.172416206
22662255.364787716
4082308.205936504
583306.186907344
8114604.990102665
-17765411.369155921
4950371.970492480
-535704.703612467
9935882.847353205
-2214008.400961234
903625.364063455
17834444.880280409
-686770.753729062
5961547.181423642
9093060.195389418
-28235040.835660461
366980.227053561
-1058170.760480034
16640446.787767500
3775535.564955646
-13892424.395830631
-9404672.162371732
1531074.400955491
6603348.916790524
-3257173.644924236
5838058.044581337
-35542454.703262322
23034171.206522129
-9244083.086116951
8733605.948743241
-8659113.920228630
-13803483.999660518
20078071.942826580
4758382.290672642
-3001625.801813194
4866480.350483319
15483609.424603024
-15654773.024494207
-2484811.037192763
-6141719.016526748
23238810.448876169
-3257902.198919063
-2894289.176254798
23892580.344096843
-9072096.984287417
9308636.395810477
14257815.256594405
2661413.491017035
-6618998.086318946
565395.662928390
5867927.693581336
22477020.214241076
-7708442.419718923
-23074880.970463790
11117615.514799647
4488823.966867524
-3342289.585115348
-9585178.678680120
6378695.217409012
1626858.015309355
-10509080.548130171
2591077.876798430
-4012466.931739118
11619531.336201236
-14318130.074656731
-1593357.979332156
-2197711.510182095
-5828525.410400723
-22482996.427484825
340440.267769422
16145382.966287101
-11709799.010746155
8177356.239531089
24752582.882953212
-2603197.343914524
-126448.922638696
-6459184.892721319
16894787.821676079
4098858.376909568
1346283.695249824
-8586189.168610122
-4152883.110527857
3073165.691016469
6553682.673808527
7238641.665828780
7763633.085764478
-21968815.310507119
-14725218.649434943
8020916.937526200
-7222875.291582691
-17117026.198176090
3907496.290705210
2202990.734796179
-14708479.839566439
-10787300.311777677
-10296839.355412982
-3198424.924399656
18061222.044603515
-6028680.174862736
-11387605.229411563
1430422.752473320
6260578.395317882
10519603.165322857
-3831402.808785840
17305782.511004601
3783920.988475026
22858747.517452974
-10119465.299646730
845330.317630258
-1794405.655297779
-23823015.520767592
12566900.799354227
3351846.562222323
-15013080.955602851
13950328.650800752
743635.859963958
-7065326.491899529
6324833.233523192
12088296.034665465
-6774353.458453760
-1516797.238389300
-26791256.992752731
2970940.808519258
15422769.573328257
2729816.137932824
-1877851.272633579
-4286597.075536392
-16290664.139354102
10325037.133455485
24307913.992179263
-23561906.619975068
-4373484.945110274
1600794.957397691
-474644.141896743
2606699.113625464
938183.548932389
14284136.375846425
10820920.285954464
16666527.742002709
-12257691.390752066
1418078.771143746
140120.159404692
-1308103.477197564
23012367.379078887
-2540559.623129039
8343894.193177151
-5173784.421183445
-6327009.444048457
-24804194.027833913
1748856.330807939
-5796377.893272923
47375.346004002
20583277.646284331
10928298.138958599
-14681903.526779488
2388149.986984257
-19315576.049638432
8351901.179232168
-2897332.985647937
5735060.559688221
-11638197.977909517
3041534.637724846
-10584372.253252266
-3688177.477520111
-2017859.139644206
-1194949.255559926
-1722960.043983151
4733809.644373273
-3162743.905463696
-24276965.925383907
-3780337.446200220
-6116250.558232538
-34908.922112927
11442333.689514203
2095546.680867723
-2375066.964845100
-4410160.771656658
14894342.340499882
-51786.593719014
-4909610.379560721
25801003.275427315
-1850615.062698964
9275523.716809826
-10169333.467606882
1179704.843348255
10351110.050551593
12172800.557163255
8502195.327010071
-13306045.183943190
16986819.103950847
2035031.813806743
-6158431.389338483
694105.629568279
-12342848.471373700
-391879.812930513
-9944173.702794623
12412062.517502142
-29609715.579115666
-9716106.269907719
-5701491.256919567
-382269.231268687
2540426.903724404
9317357.119084707
-9839992.866345108
-8369676.705415623
13184450.791428093
6883825.324062017
-15339519.854165999
-1695682.841760032
4027377.801629866
-6537375.875411238
-14586880.425475243
-6679331.037397668
12439379.045270149
17363103.242797490
3137448.847017565
556095.210649039
3026060.059037655
-1745269.942771013
-20817610.021159083
2323470.553109990
19071753.838441540
-11980407.080470392
4943593.907158538
-171979.665700050
1951473.891129539
10094650.921228176
9675026.229401618
852683.200285522
4410560.037431399
9499709.969448399
-120623.199462255
-5086757.796756064
-2568007.853770856
-2752163.180461132
-17529261.126688696
-5529946.676202551
5251549.043385728
12602392.038937781
6514545.542385058
23365545.692789994
-1271465.021981298
2223027.952511088
5199673.863612414
4547938.570790051
-9689629.033395838
2961113.850841726
-4983959.160694500
8242441.773652676
6685204.582246251
-5970172.599372455
-16314146.058584660
25751496.104126979
10644320.837822096
-11833409.505735446
-14707252.713669267
-17822054.497931141
10142028.290033378
-6036409.136826221
-6370984.518072879
-7675760.911950460
6050082.538877293
-17040346.244293723
-3406261.192369395
14353884.580623867
-17505389.658094645
3437688.146233723
756450.028042795
22353023.109442625
-7000958.130425040
4009865.678472480
-31992503.376314145
-9896788.906142052
2896314.217438804
4596380.807674763
3611142.412452709
1133381.555219568
12785315.155047605
8885640.466313187
8314519.558193602
-8431051.818088166
-9234947.485483302
-1639580.321090448
8013461.351389409
-3447613.931849673
-18259927.146334901
400697.564643514
11944395.129031483
1589371.455741677
4586355.826175826
-30185330.114809301
6404573.189523321
-5182739.991792271
-6155303.730660737
3339635.768623514
25766070.628914807
19435662.635122146
-7251926.410193401
94330.423210791
-1800944.314761747
868757.395100959
10428131.044074349
-12636934.278003745
-10196391.641315352
-2956363.106913971
-16259381.230533121
14862413.622170199
12991218.465997333
-5795338.847952580
-501698.128796553
-1954763.889092808
2547333.472199560
-10347957.940644944
-1889693.381194113
11116575.509812037
965246.459265411
-2568466.368886538
-3233269.762922680
-6139389.736236569
-12486441.345368005
-6077730.424869226
16597300.656777322
-1742955.122440303
4139747.835073454
1758265.368410338
-1814208.625655222
-14047746.545369666
5651841.715300427
-4578175.920415793
11221864.375258876
3499523.525318998
-10124663.711162675
-10577398.564202672
-670645.378609296
975381.537049860
-1459137.136710078
-11131640.656055469
15234822.263153961
-1177519.356421642
-283488.058720244
-280360.689063164
-10307707.529257972
-4159004.566567798
1889272.266363366
2743861.048153168
-4485912.129393068
-6785343.675532114
22406425.672502980
-200540.868767423
-1116895.741817320
-624941.796817589
17403732.881818019
9193605.038452441
16771241.518734794
-20507448.955647368
12328555.213305131
-14222461.982418289
2454465.202045238
1952291.352994493
4282813.491926414
17798998.665133305
-2237776.200277677
-17724529.644440807
-19102582.301599585
-8075888.975700947
8380109.787838089
4552419.612475296
793487.315348398
6000051.302272390
-2621973.114123915
19850207.246026978
8482168.091925930
-6378846.243225754
17823338.681959830
-164209.409724455
-6016785.486561472
-6246673.689857894
5565670.133810602
4215668.924818027
-17285556.663961262
4407655.328822399
14580608.920486033
3749234.715161876
2493714.826332849
-2101702.227467979
-32956742.231820591
-8796652.951319901
-4415685.700930873
6967642.399023316
-2453943.093718979
2863079.561807252
2370218.860992420
-1239530.448066018
6318601.931391970
7195959.517807782
-8540628.169984704
7690234.888195356
1933462.988559054
-423542.190020896
-2271053.987806497
-562867.774220440
-7807715.674013511
10174633.276498968
-16840739.152260743
3466526.771265236
19876682.930947147
-22171254.318100475
-991790.150346833
-945323.513960638
3383871.269348933
12078314.834736628
-17579106.987889145
-2270639.172168441
4400055.906156873
6101329.979669482
-2036080.095251073
-6797824.412128620
-2409681.788154830
-6345509.268191673
6778384.237485318
-167949.060719912
1809629.076122252
-21307464.860378351
-14877311.939734234
5426058.899808229
-3885110.729696017
3222212.700386094
-10966444.726343794
-13120958.879079338
3761676.288778174
-7445492.638549237
-2378727.054308328
-11017967.501482327
321412.058538508
-1241689.871223593
8306016.513608645
25231404.245167080
-1698714.098750373
-17613750.353615638
22483884.547712907
11251927.832457976
71569.808922414
-549095.776288408
-4229630.476317586
-5639187.958416610
19785658.171934810
5341368.346155478
-3141151.437363027
-2502239.585984508
-984867.415693326
-400006.524562925
-7467246.315171877
-4806616.975725473
6631869.251591445
12483918.977624848
14695231.288159396
-1159435.957453043
9119868.703398138
-2733323.507062629
1047284.233021008
-17852373.403976690
19368311.541709609
2616538.084921913
-9868911.849921986
-5370146.563068870
9783729.876843937
3318992.268802203
-1105466.592844153
-5830054.607985592
1306062.034974743
9927545.828678034
-1545544.884217437
-15285948.830932483
1124915.666103759
4546243.385940377
6223363.667909850
8171768.303047107
51706.028180524
-16701486.273175012
10307062.965090470
-1666242.376259128
22623374.198371675
-11825681.530953899
4274506.271606679
1333146.494026962
19463889.418368276
8373485.666557687
181129.316219094
454591.767882118
763329.737348689
-28992247.826064296
-3478712.322834682
87237.135513632
23584382.449931748
-3294149.554367270
-12396246.858863905
-3154917.082791882
-8782135.783584451
3332045.820129097
6970290.529878032
-1374448.793418093
14886688.552803708
-14464596.830410115
-8573259.980061498
-6608530.030900088
13895640.455816602
-9827611.473798903
20328963.278689567
3672626.358046973
-2034538.528400507
-2189221.508497747
5061272.660198478
758569.012696323
-5115372.349107131
-7161433.684464944
-1475945.989915897
-2004587.729304571
214580.014339041
-5031661.141320306
-23335235.869809359
-9087685.665864564
-8347398.584867401
-18246828.440059774
14938141.459141502
1809747.462231450
8130445.097089014
-22176094.847244512
4584813.530029872
-10512231.902549000
-17208183.925911952
2486976.089965557
20330153.201111842
6114965.930274551
-2392211.343173976
-4565592.424831234
490373.049884122
4308812.561830656
20222552.695255730
8792287.942133898
7691262.165469172
-4185053.397464811
-15181.278443767
-3329157.105182935
-30854273.716982074
15628198.430879496
-2001392.329245742
-9106195.293638781
-2866173.242518969
-22114661.102326572
7417527.262509920
4996148.840716731
5989551.611308538
-1792273.137736508
3378189.511836769
-7474479.740267032
28713915.195809983
11322427.483656054
-11154870.749352105
11074.704717970
4695038.970536082
-1015889.666040941
1889352.260264795
8571095.144847151
-11271943.036330208
1699063.133295409
-7322883.810321400
3239203.292636081
-945308.306610123
18581284.678476177
-1958816.620763959
15490488.243374715
20082119.847798534
5348460.306428579
-13389729.308390677
266802.557818459
1928382.967685135
7299040.810785030
18896521.406321436
-12605430.553459145
4721734.583391584
15973680.580755077
18491059.228934146
1499633.909138864
658690.637361218
945660.267791431
6150096.924315760
5855823.330229498
-7232505.117046935
5932255.250085465
-12471673.848202247
7851921.192702586
-4407821.852680225
-2938132.674470505
17994056.872052547
-1137180.528652316
1061630.248414325
-16772190.209632892
162779.719408688
5593418.944591746
3223722.573530503
5179024.252069518
-875452.704044390
-724842.700230833
4043891.989876971
-8819478.474676086
-14566708.881128388
-16680294.531565003
-10924414.365452234
-8030389.062074871
20415.487054893
-15087083.425448762
-8497466.815403994
-18886745.126584582
13740562.376853883
-22271318.974805787
17017781.047921740
3701038.800624203
-5621340.732738398
-7632060.344738658
-2202120.982997785
240210.873998129
11128399.464539979
2629277.033443927
-3759941.532248418
-2218205.983486314
1136605.314667634
-30615629.160690248
6565545.555974999
6028126.342136379
6161490.670132039
-8227987.129067136
-5005020.908593070
14414028.639321204
-2724289.318155230
7884157.673590707
-6703105.870363662
-1106854.580260909
15822748.574203705
-11098925.681039918
-841855.863515574
-9427939.163456392
4051551.058515698
2332715.697775662
-9545675.247400550
-17226563.566517547
6972949.740387028
-8435881.385243651
-15561400.734017763
13184292.932670888
6860612.054016525
-2740663.854175369
26150309.000219841
-1704736.414911743
-1175675.544000325
18810339.216049474
6584520.284508022
-7635484.511218971
5184321.414396475
-10532368.136308907
-2020116.662504509
-10692739.208241588
5733622.304036751
-4125492.097032833
-26376654.096770670
19423514.043889660
-8178309.983376183
-2377236.757938219
-5732015.172053146
-2969590.836259526
-6543534.712468435
6845198.857500871
-8625612.699852509
-4322609.669081247
12016984.816248735
-6537486.625470149
5996880.350979852
28254591.382435013
33024187.697239529
-20590875.769163057
-4073517.393122152
2359964.078587228
15627640.766811198
-3263474.503202420
9394144.194684733
346349.204744084
-956731.508374525
12056232.974861119
-2377258.561822271
8839183.835704951
15697909.927203227
6225316.386314902
-9314292.692589993
1715706.776356666
27266590.652661182
8407299.159955882
9106917.767308984
20298155.970110688
5356241.681430272
-6934454.040538926
-4959838.350081927
-350930.470974699
-47804406.477292776
-13696153.318936974
-9333391.964491894
1097343.501336270
37223894.488729872
5955389.148495195
-9855187.165372813
1727289.329740899
-4498513.749345229
-15169140.004777545
972474.060166127
-23020141.485221904
-12531487.851134798
-13498368.625300702
-4495788.065188105
2318158.045534601
-4874669.127601248
-8062014.191823349
3336632.065638415
-5077245.954720425
10260279.791600298
-7566854.746687204
-18080812.708872192
2780408.964237385
736894.013248399
28540942.904255435
-8649553.184949925
4942788.957811252
-23303998.572255868
-2257602.891666407
9846728.704796145
11567649.952977644
-2085998.288886613
2319811.251628602
30093454.923745565
-18324291.411412675
676644.556352718
-6809120.857383815
7884211.454170598
-23050261.921177067
1833704.570465446
7202860.709912506
-5798755.641542693
9131432.889022505
652871.289503704
5428528.537623052
-23535751.098144032
-3458506.509886932
-8110332.954448829
-13847.818395140
-25773493.706590071
196788.519018698
23678230.251846090
13008470.600550015
-3986261.189236281
-12199058.813331388
-12756525.314972207
9285287.934956962
-2727749.243907448
3038.466912097
12565741.261113426
10916912.065349374
4816784.330437280
248388.232969257
11969505.313055450
5060005.112135374
-983119.738107777
-4241415.965101861
-4802298.907676481
-10565605.691131523
-11122725.847521221
-10791850.880429409
-2717247.333810880
-5032118.406395415
-6741465.696777716
12810499.175318295
-29787374.697869346
1453392.510537875
11887184.439615250
2283058.116467268
19905034.742297430
17651730.814548258
-1068692.975210733
-1965071.651147921
6783083.955327599
-8338287.687741621
5216985.434330035
4277501.208186259
-21378375.934123527
19440228.909198258
5646883.111805203
212409.084510823
-5406259.929950486
-15480225.636098376
11088146.185829438
-12041435.074376089
26913010.156605925
12062165.562949482
-2653165.830457265
-3409411.645174143
7861026.855787692
27041687.173689965
-5092868.797639646
9211088.130577387
8252791.055626409
-21185598.491342776
-1217089.786833327
-1338147.672055952
3874067.917558700
-22413875.334670331
6124828.302268699
-35448114.552200995
7321632.846653085
22857286.789523624
8912994.376911558
-3612949.107822681
8113090.480057118
13755533.558898553
6783144.774918029
558872.560262766
-6382913.476349191
-15596730.431916874
2577153.283323701
3362643.342559611
1152054.512887352
521615.577887305
33230748.474354476
-3186743.342383961
3142941.680067246
-787825.183863331
-17526498.116224546
-12976068.847327497
4297723.232065255
-237726.648513296
-879962.591982209
-187331.629982793
22230175.434982918
-30474329.726187252
9431174.187579427
-31968244.268382300
-4317113.516433764
-3043424.746249084
-4801890.075727415
-25961239.454404846
-20294517.233298022
8158595.647182987
15267580.316481140
17247431.981879327
1368832.562814749
1006946.366929677
-7957164.904645693
-7930463.713892005
13367132.210940832
10175961.742711861
-10571502.555860510
-808954.550909668
5651631.753422772
-666602.561820334
-630935.617158766
-2853927.898155432
11682681.939291427
-14166447.081594422
40712907.180797972
-2588789.835846211
8561692.220628070
-854111.081459073
2151597.179293862
1782669.428305633
3379976.563687586
14905596.989685515
-36237620.775866121
-26593288.621883884
-16623899.262151286
-533491.559181278
-4512139.819934632
2049674.238068220
510889.432815082
-13944936.623888947
10354031.763959343
12015448.525818985
18045336.257490378
2316856.402315996
101909.484239378
