-0.132555209
0.347021677
-0.184982349
-0.616591243
2.097972271
-4.216476724
6.625454084
-9.217972581
11.527622153
-13.591796088
14.971396386
-15.924302369
16.073118151
-15.888482084
15.025747311
-14.089594120
12.813407560
-11.689244403
10.647703296
-9.880127489
9.532412973
-9.426863728
9.853411584
-10.307453094
11.210401747
-11.879461199
12.905619850
-13.548412706
14.547585718
-15.124062053
16.084167852
-16.579098757
17.419323112
-17.698926558
18.249825041
-18.170333424
18.344192880
-17.885536903
17.697755008
-16.881007593
16.338837952
-15.155966974
14.237404745
-12.663129721
11.375403081
-9.508967930
8.108388513
-6.392339145
5.482911735
-4.592552537
4.793228157
-5.149128399
6.574081496
-7.933116002
10.014421558
-11.581346174
13.440881200
-14.399347893
15.405138891
-15.376247992
15.411489392
-14.477984187
13.720169237
-12.044076681
10.575651592
-8.154426084
5.938056069
-2.774332843
-0.073977792
3.710322323
-6.773097746
10.371611135
-13.125556193
16.227021852
-18.326260531
20.711631223
-22.048881852
23.689170793
-24.276618219
25.192191755
-25.040016237
25.223606544
-24.312902419
23.741256228
-22.054129760
20.718424959
-18.264905325
16.204287842
-13.070519488
10.433948163
-6.863965732
4.035232828
-0.609809779
-1.607436565
3.892499517
-4.436231724
4.673887794
-3.131875241
1.831354268
13071.411380875
4600.410428805
0.077958043
-1.562413011
4.742966591
-9.988684937
16.657804321
-24.277531509
31.904853519
-38.918471145
44.640249034
-48.700548168
50.908290770
-51.236903568
49.965313822
-47.320712905
43.869860841
-40.025063736
36.225058532
-33.086012013
30.606362838
-29.534996821
29.252482349
-30.475884548
32.006261662
-34.603998828
36.833308293
-39.725547053
41.881093663
-44.623713061
46.573386344
-49.150854677
50.845198277
-53.020236657
54.039173323
-55.290112703
55.180920419
-55.235562819
53.931809430
-52.840065333
50.411549706
-48.207444160
44.646545490
-41.284281361
36.540033484
-32.069325764
26.475389455
-21.706116385
16.639047509
-13.431562381
10.964508712
-11.210594619
12.627747127
-16.669963547
21.222038177
-27.311241918
32.551278102
-37.979430683
41.388642910
-44.200018754
44.604366231
-44.431378474
42.081601073
-39.464725250
34.852998901
-30.033543416
23.137079397
-15.981933607
6.793190755
2.352460208
-13.006902049
22.855912183
-33.398349073
42.335023233
-51.354358327
58.328434365
-65.178956427
69.900489515
-74.542667766
77.102592703
-79.655225442
80.139553488
-80.635630651
79.038461770
-77.457435831
73.765631130
-70.110374386
64.357911827
-58.715868256
51.075646036
-43.737947857
34.689349579
-26.444178222
17.236375259
-9.877815007
2.780918709
1.225055111
-4.020985297
3.417840857
-2.373551706
-14807.564703843
5172.517087253
-0.708947099
4.000173611
-10.622836135
20.748138300
-33.509835549
47.667962811
-61.835076075
74.559978039
-84.931473125
92.002225368
-95.740328335
95.864803474
-93.186033718
87.914285586
-81.368126405
74.042664567
-67.090121293
61.214840265
-56.913422004
54.939986246
-54.824745005
57.090798466
-60.346593968
65.065938163
-69.541078839
74.663954377
-78.891052893
83.601593961
-87.354198998
91.660523249
-94.869666627
98.344288375
-100.219359140
101.875345218
-101.551382952
100.867841502
-98.213817097
95.288898456
-90.450462704
85.378120328
-78.385489091
71.139076170
-61.966639061
52.715931534
-42.064434132
32.391708171
-22.885102979
16.295469837
-11.814742924
11.834866074
-14.766011554
22.023322553
-30.955460845
42.166291816
-52.501797235
62.568198093
-69.555357654
74.777780677
-76.186895857
75.855867050
-72.144980882
67.263150179
-59.338260558
50.329600073
-38.109438636
24.682108443
-8.117249910
-9.099818421
28.453724724
-47.017543905
66.156839020
-82.991468214
99.239543285
-112.373535891
124.550377726
-133.498736156
141.606137708
-146.620202049
150.957597493
-152.266154969
152.953725727
-150.596164704
147.639734619
-141.627353163
135.054459261
-125.448736153
115.384774539
-102.419857534
89.255707491
-73.598188020
58.497498224
-42.094437344
27.958414264
-14.565707971
5.546796214
1.043831519
-2.526023491
2.428442452
6257.798892037
5949.632031449
1.101837520
-6.070192096
15.884664343
-30.906619178
49.644153029
-70.498524135
91.116766197
-109.704891797
124.533623382
-134.677314610
139.635496384
-139.581352091
135.175704950
-127.404384721
117.595526662
-107.095288028
97.070712278
-88.920602113
83.089921217
-80.747587735
81.195860748
-85.001589323
90.346016821
-97.531757925
104.459927291
-111.932658832
118.235300907
-124.819307008
130.209762946
-135.994228353
140.423121109
-144.808898450
147.098529227
-148.600871123
147.434918359
-145.257397914
140.428409439
-134.723554321
126.475982454
-117.440381889
105.907141830
-93.618857278
78.904420643
-63.772594844
47.076540841
-31.590705734
16.914392362
-6.336325747
-0.542943774
0.992773307
3.444197490
-14.034319846
27.679839117
-44.413403776
60.401168391
-75.642410179
86.834423707
-95.003720450
98.017754902
-98.011989458
93.499709651
-86.782950505
76.051886877
-63.189810929
46.034108761
-26.501622377
2.774717323
22.526580808
-50.490420537
77.853550888
-105.477592328
130.214060667
-153.434978155
172.588540865
-189.694948500
202.644997828
-213.774947127
221.037974641
-226.767161561
228.789609620
-229.379996865
226.284600628
-221.797868406
213.641949406
-204.142556134
191.007881937
-176.624913342
158.733459618
-139.840869194
117.885169710
-95.832294133
72.259322515
-50.877931544
30.795119406
-15.857527265
4.684732964
0.054977503
-1.700192132
-7314.982464845
-842.012522485
-1.835118918
8.598242679
-21.726702731
41.255728794
-65.541320044
92.182913355
-118.476679353
141.811217179
-160.318849144
172.548795231
-178.250271833
177.418056256
-171.303457094
160.935788251
-148.387612182
135.061638483
-122.802679467
112.942428867
-106.444397274
104.233355293
-105.891841912
111.489411469
-119.251675835
128.855931949
-138.253359390
147.751182459
-155.882107060
163.789994823
-170.371039460
176.917290307
-181.974900961
186.431630669
-188.434453570
188.838461372
-186.026921887
181.302065929
-173.382405660
163.730816969
-151.060548474
136.826533441
-119.721838554
101.205144777
-80.045080874
58.050136187
-34.669321516
12.677440647
7.539604802
-22.584249599
32.097252515
-33.426367764
27.692671337
-14.143016961
-4.085698444
26.126259656
-47.866569221
68.370485918
-84.209250646
95.780795703
-101.196262345
102.309017304
-98.083802601
90.580330621
-78.328062413
62.815903723
-42.107078644
17.736891683
11.749585733
-43.860997156
79.046810765
-113.940226090
148.671055265
-180.037719705
208.870505739
-232.806875151
253.572566314
-269.425992605
282.515374029
-291.178378936
297.532883278
-299.732071977
299.792250503
-295.753985037
289.648347786
-279.483662930
267.314441979
-251.112902527
232.973699331
-210.870354392
186.999538088
-159.553333266
131.292564936
-101.242795262
73.154385326
-46.798277324
26.174425732
-10.540415299
2.530057002
0.899159522
-2076.894260630
3012.413029012
2.137231992
-10.101734636
25.466809089
-48.384967521
76.724177798
-107.831714706
138.261483319
-165.202787895
186.176130710
-199.866433676
205.700222465
-204.176285070
196.449755501
-184.280637097
169.691569629
-154.783251142
141.283401325
-130.997180745
124.723784475
-123.598848381
126.968255372
-134.815653233
145.041385213
-157.070458085
168.615868827
-179.813603849
189.186251888
-197.852784513
204.836427981
-211.397229092
216.144041423
-219.799856299
220.482230082
-218.846559044
213.298184672
-205.027082404
192.856919020
-178.186881219
159.868794236
-139.331424604
115.450781250
-89.699843402
61.080728628
-31.495850043
0.754543761
28.129715096
-54.280596679
74.010722047
-86.516327223
89.031752813
-82.506917872
66.440759502
-44.173869498
17.170966730
10.044354765
-35.876828095
56.615986639
-72.241917402
80.916684363
-84.359315495
81.780079840
-75.112020277
63.037916587
-46.757197814
24.405037779
2.770669753
-35.988422957
72.810251963
-113.150676472
153.485367986
-193.292874298
229.287691034
-261.822246548
288.723680287
-311.474164184
328.724973887
-342.460848934
351.436983938
-357.543149911
359.295053068
-358.407383198
353.265002141
-345.575007602
333.700523305
-319.347595640
300.828662781
-279.839816701
254.655651909
-227.019099829
195.427426658
-162.258481540
127.024694966
-93.322466129
61.641174625
-35.970793674
16.315567197
-5.177668987
-0.003453322
15884.915811825
-14439.428470762
-2.625414454
11.621890574
-28.855463852
54.169752817
-85.417726820
119.375968078
-152.494623734
181.400851952
-203.689204857
217.701136580
-223.227537103
220.653738830
-211.710671357
198.129395433
-182.530217950
166.883625165
-153.376523442
143.527043474
-138.463496595
138.926858200
-144.476442224
154.576663871
-167.229688681
181.288019244
-194.607113566
206.868710581
-216.907235071
225.536725988
-232.192888299
237.831889813
-241.408240917
243.223818686
-241.656292335
236.902157380
-227.666999214
214.746740496
-197.339160336
176.494647890
-151.491787552
123.468042450
-91.801883284
57.739990742
-20.856963705
-17.096556897
55.646256155
-91.845279891
124.095511811
-148.779863056
164.447925525
-168.553882282
161.617078527
-143.623971796
117.780664104
-86.311479561
53.799330072
-22.660056182
-3.410694435
23.767017260
-36.835074450
43.947121365
-44.713559131
40.689233533
-30.850500314
15.891668695
5.839580949
-33.562348489
68.130880178
-107.319793021
150.407708023
-193.856910146
236.418775329
-274.848399534
308.968049622
-336.901063768
359.856260871
-376.959622460
390.011544386
-398.228994553
403.252273957
-403.968300188
401.777369096
-395.398453169
386.223052697
-372.950088287
356.965024797
-336.886099255
314.041743078
-286.945116907
256.905520256
-222.628303280
186.106964311
-147.207645843
109.355649130
-73.619435870
43.984441479
-21.101334216
7.397800326
-0.756611992
-14140.080541698
-25153.068121805
2.690061133
-12.098505831
30.075364761
-56.581709294
89.168524122
-124.590726043
158.861503041
-188.650624253
211.195715155
-225.113346897
230.005607165
-226.756506309
216.988973384
-203.007599974
187.240927216
-172.104622753
159.469082670
-151.086977789
147.760106697
-150.316962900
158.038622929
-170.342155084
184.974382376
-200.659153497
215.089039283
-227.873151106
237.844771114
-245.835609716
251.369824881
-255.405340224
256.933399890
-256.157316603
251.420628288
-242.788147296
228.953937666
-210.629948991
187.054346555
-159.242319892
126.574115293
-90.238493603
49.816822818
-6.705261794
-39.231510442
86.019712021
-132.836057156
176.484460480
-215.027973676
244.662191004
-263.692977344
269.521673882
-262.573060814
242.969685386
-214.025938740
178.321148684
-140.703049496
104.024027990
-72.198957458
46.191078147
-27.602299646
15.259394204
-9.474638473
8.877605481
-14.496822089
25.943114507
-44.909433540
70.878107072
-104.563281040
143.769114579
-187.354024517
231.615727128
-274.784316446
313.528375513
-347.328027858
374.493306757
-396.123391476
411.716580896
-423.016849721
429.596950135
-432.937927730
432.194142125
-428.520318137
420.884448327
-410.425896215
396.119382609
-379.089971464
358.217350672
-334.507939381
306.668373751
-275.594915341
240.139197851
-201.891099038
160.973329751
-120.580451854
82.244515763
-49.890496060
24.730590834
-9.119842216
1.372024971
-9753.384505281
-4305.361376299
-2.898623366
12.567591825
-30.992191234
57.901787042
-90.973010024
126.662404319
-161.113986026
190.698833561
-212.897780048
226.132356316
-230.410367645
226.503171854
-216.510181171
202.567770431
-187.496083299
173.376145720
-162.312578450
155.613197150
-154.250246064
158.628494985
-168.212116036
182.025723849
-197.990246904
214.449247724
-229.294724050
241.820483856
-251.136277671
257.825120707
-261.725350028
263.532237694
-262.505595256
258.514070877
-250.120703169
237.026804326
-218.159939337
193.889083351
-163.724509661
128.378055648
-87.580864929
42.323261826
7.327187483
-60.048431472
115.379145539
-171.348840264
226.506181661
-277.683216048
322.385048460
-356.942133465
379.220761266
-386.869780294
379.977719523
-359.023363847
327.122697639
-287.365858545
244.543710287
-202.095676576
163.881969974
-131.377412361
106.021576440
-87.044778799
74.553904582
-67.607493458
67.117192647
-73.196183235
87.440961466
-109.748261089
140.561967404
-177.850488835
219.956928817
-263.147955298
305.073209327
-342.436827256
374.339062847
-399.373028496
418.497657050
-431.641402177
440.456804922
-444.888055210
446.221180009
-443.866534033
438.714648111
-429.963687209
418.510186815
-403.585905411
386.090692974
-365.143271505
341.476839234
-313.956234920
283.112491589
-247.880919989
209.466821765
-168.134886207
126.821148585
-87.367617056
53.598901058
-27.156837934
10.336107351
-1.843363067
1514.130588641
-8471.351170981
2.789201887
-12.309079624
30.439072333
-57.054818058
89.697249084
-124.991361596
158.881911871
-187.948043133
209.477949231
-222.215987488
226.022542557
-222.078795077
212.295993516
-199.181071622
185.209062258
-172.678464617
163.240762045
-158.293761760
158.426997529
-164.128613728
174.644684530
-189.094884050
205.282981419
-221.614106596
235.913305912
-247.518578550
255.515857535
-260.521725634
262.360259345
-261.725905859
257.835602004
-250.513109235
238.252266172
-220.692913390
196.690772736
-166.557544316
129.745232040
-86.949957614
37.927974327
16.213662894
-75.224692852
137.509918701
-202.300058076
267.278113218
-330.678301585
389.050711050
-439.700562690
478.818832960
-504.200092000
513.454488777
-506.655766568
484.301031785
-449.564324457
405.672283083
-357.584512333
308.966915966
-263.868501719
223.976527562
-190.861337507
163.932109881
-143.412942288
128.596311217
-120.570131517
119.737635103
-127.837457629
144.955413803
-171.473496361
205.321823151
-244.538128039
285.197591259
-324.582526561
359.302017977
-388.272852951
410.248134838
-426.206114496
436.373051408
-442.424927194
444.536894457
-443.884025088
440.003435705
-433.597625168
423.991835774
-411.917901676
396.788420728
-379.359368252
358.934393416
-336.055008516
309.703707127
-280.121086550
246.278916466
-209.038189416
168.713010726
-127.963207219
88.798937512
-54.900494811
28.198601713
-10.927690789
2.115336274
6966.479415285
11355.551468603
-2.825835418
12.190968464
-30.037760992
56.104693300
-88.148808020
122.683404448
-155.903956850
184.235898423
-205.254925609
217.547937959
-221.319826820
217.565547372
-208.520406976
196.371694623
-183.799696466
172.629731254
-164.615369087
160.672804772
-161.525866167
167.332087774
-177.592163812
191.246817421
-206.407404892
221.335761070
-234.134542352
243.970995947
-250.156115813
253.085837921
-252.759519344
249.610732385
-243.010032944
232.504125958
-216.738888552
195.063495356
-166.475990790
130.974143745
-88.155241627
38.432870493
18.191124722
-80.746255029
148.549465094
-219.967601922
293.654854420
-367.187181881
438.231996414
-503.326927104
559.354109612
-602.651902210
630.724356340
-641.409073795
634.517202104
-610.780549156
573.146975356
-525.154176394
471.638671751
-416.660132748
364.199647061
-316.354214751
274.635898176
-238.870650687
209.264854998
-185.579820889
168.945197311
-160.237671950
161.181296804
-172.186910628
193.424502859
-222.912097037
258.273476948
-295.528249161
331.525705880
-362.910670399
388.368774817
-406.911156762
419.480001804
-426.647814431
430.044828511
-430.085550868
427.770293178
-422.757760330
415.524319047
-405.517529034
393.293834916
-378.443408027
361.592637607
-342.230866931
320.745273298
-296.242184991
268.723719016
-237.194106525
202.199489978
-164.048625087
125.093824327
-87.400735703
54.433991055
-28.302148709
11.145624783
-2.299320510
11077.927608659
17563.816251603
2.666534962
-11.714619551
28.978324068
-54.372188286
85.618469426
-119.479788735
152.062444307
-180.034502685
200.820636437
-213.272087174
217.402723165
-214.472770548
206.424080887
-195.624496094
184.302696123
-174.354644126
167.049079948
-163.359728154
163.687813723
-168.360718172
176.806236966
-188.247733154
200.866618082
-213.187141834
223.368555129
-230.729301651
234.548059221
-235.245194813
232.706557608
-227.326565497
218.350369874
-205.290002241
186.676884378
-161.817152178
129.563549003
-89.833562405
42.060577318
13.384595403
-76.559951710
146.367620396
-221.983822754
301.451426893
-383.136228073
464.221398161
-542.113082695
613.067657764
-673.863663358
720.720951745
-751.160477179
762.962581328
-755.949458290
730.773982528
-690.393267870
638.325180678
-579.499090826
518.051159021
-458.122125135
401.949272563
-351.249472563
306.055539326
-266.839787413
233.645690338
-207.897493632
190.739565971
-184.081554037
188.442841476
-203.958681079
228.548072155
-259.608559729
292.964565280
-325.228462738
352.970163690
-374.820123971
389.933836825
-399.346167178
403.841591948
-405.085293953
403.589899662
-400.240358839
394.695015135
-387.263119365
377.418205580
-365.600866206
351.504346517
-335.688907538
317.780180254
-298.087345548
275.819819924
-250.832165140
222.151307461
-190.082465421
154.881537970
-118.611644279
83.286309476
-52.131321123
27.302405934
-10.843368222
2.304537835
-1860.114646264
1305.794736837
-2.640863982
11.459887916
-28.350685800
53.173302074
-83.888830789
117.230278740
-149.562224050
177.434116751
-198.508685843
211.441185588
-216.476873471
214.589769138
-207.896133482
198.324717307
-188.181620335
178.828989060
-171.595587627
167.021306925
-165.684747399
167.725088475
-172.935785321
180.580353138
-189.293072281
197.680399926
-204.269445297
208.347230576
-209.391869137
207.636481800
-203.035588400
195.724340134
-185.003406136
170.139381778
-149.737139550
122.835091484
-88.315446869
45.763465679
5.379800956
-65.043929571
133.155911564
-208.740083403
290.620335253
-376.761753536
465.023960087
-552.455748703
635.994114313
-711.884517619
776.592879911
-826.477912260
858.847192031
-871.650723264
864.466070815
-838.061249474
795.128517677
-739.335560471
675.432416863
-607.799852825
540.498012000
-476.095058103
416.324522972
-361.642369535
312.638300997
-269.845292490
234.831665986
-209.170413651
194.790263359
-192.444721478
202.085473791
-221.661433025
248.243469546
-277.604725524
306.061027325
-330.243209773
348.675647484
-360.752940774
367.532414102
-370.049933352
369.917649553
-367.750500244
364.239949756
-359.041200901
352.242404497
-343.337906717
332.617400276
-319.869992459
305.576369374
-289.501262753
271.893832571
-252.092527496
229.854251459
-204.267234102
175.441159789
-143.585608529
110.467281571
-78.000446911
49.115940331
-25.958229654
10.429601318
-2.303858633
-8234.007313767
2495.108663582
2.506057097
-11.071802069
27.518600330
-51.893376468
82.163409800
-115.313142458
147.649251229
-175.931597910
197.663282867
-211.674123500
217.961489849
-217.627025962
212.413690431
-204.284933900
195.044755061
-186.040076105
178.142308520
-171.959416488
167.839460863
-166.176536394
166.827287477
-169.484607666
173.014394461
-176.444893081
178.480203737
-178.655892478
176.447983629
-172.132036179
165.515186749
-156.684868209
144.779539794
-129.031565081
107.888379379
-80.318165937
44.970996211
-1.285758047
-51.565500098
113.613954970
-184.928201607
264.436757538
-350.882850637
441.928884645
-535.212407848
627.431977374
-715.355597165
795.003246057
-862.818735918
915.060216014
-949.078733931
962.722978799
-955.550009424
928.151626525
-883.154637580
824.078820045
-755.684939003
682.319562243
-608.165846592
535.884266845
-467.450181848
403.543285258
-345.099635356
292.954104641
-249.017122180
215.090041486
-193.281216594
184.384756847
-188.326850763
202.937505165
-225.140208132
250.556301184
-275.389595308
296.250767829
-311.713482550
321.315986340
-326.238941149
327.647191246
-327.153069944
325.345776795
-322.759508470
318.935915767
-313.773712175
306.692754554
-297.856174315
287.067911233
-274.757336518
260.774867465
-245.361655735
227.973261465
-208.355610515
185.678021907
-159.950806104
131.342658342
-101.387438820
71.857897602
-45.416782213
24.118207474
-9.739957905
2.182654003
-850.701623392
-5962.747469599
-2.460224644
10.845959090
-27.047051836
51.112349198
-81.226996390
114.375718138
-147.092474966
176.027058490
-198.867333571
214.215785287
-222.213758971
223.608547567
-220.214687236
213.483644631
-205.220583032
196.213815502
-187.380833166
178.943149144
-171.457431978
165.225219466
-160.526595374
157.233389971
-154.745880548
152.331687326
-149.126810711
144.759307655
-138.916811354
131.765683202
-123.157570108
112.980502808
-100.394488555
84.432676359
-63.552389872
36.453261028
-1.701652569
-41.633424297
94.495520067
-157.243141230
229.914789146
-311.570877194
400.695392957
-494.891509196
591.406062056
-686.854636052
777.676679724
-859.936219688
929.875400728
-983.889658189
1019.155450499
-1033.619612069
1026.573875662
-998.607449430
952.025619830
-890.358055307
818.127503664
-739.808450829
659.489567986
-580.101419132
503.677077674
-431.300654517
364.086065345
-303.328299921
251.105713295
-209.570707884
180.839512912
-165.860681433
164.405233787
-174.323170803
192.319503583
-214.020508727
235.480273004
-253.429027360
266.448298784
-274.310351536
278.250233201
-279.594950638
279.868948095
-279.636893031
279.196221461
-277.966580271
275.591192532
-271.394670567
265.354544394
-257.261927129
247.453781297
-235.852775698
222.687069526
-207.551243296
190.220300538
-170.001888420
146.867284956
-121.001785761
93.741656177
-66.747537232
42.410350293
-22.708212530
9.269535846
-2.147851319
-4003.840436813
12228.024848201
2.365127413
-10.611599950
26.588791311
-50.521954698
80.607831438
-114.054727812
147.350921855
-177.325693905
201.517455708
-218.648297513
228.601105312
-232.166487777
230.763880065
-225.787023263
218.533240128
-209.711660329
199.811915575
-189.105818660
177.966281522
-166.959165170
156.478261968
-146.864173095
137.816053042
-129.091576986
120.075106959
-110.713903210
100.752580597
-90.465718206
79.610205486
-68.088927409
54.937897302
-39.189390403
19.133185153
6.625434400
-39.813081909
81.560961295
-133.146264653
195.070978464
-267.565872605
349.635002467
-439.745071719
535.265305220
-633.324215620
730.297925025
-822.586649406
906.135093767
-977.252677594
1032.272148525
-1068.423305786
1083.515512746
-1076.772683457
1048.529713548
-1000.949510797
937.316996905
-862.090360590
779.636737503
-694.135226802
608.579509199
-525.246859645
445.429539372
-370.583541536
302.259977051
-242.834332547
194.602187283
-159.802559546
139.365401578
-133.049116070
138.617072515
-152.733336610
170.971865610
-189.415188117
204.864482084
-216.049247106
222.903506157
-226.798541645
229.121598515
-231.345752069
233.903919357
-236.876519711
239.464679962
-241.062771794
240.806157673
-238.477613217
233.767761638
-226.914000318
217.849394809
-206.809021193
193.509663939
-177.821373280
159.221594745
-137.746787165
113.649015215
-88.176232567
62.908907839
-40.058170900
21.516388807
-8.813668697
2.062605336
1950.974983402
-4360.303477564
-2.312228101
10.467453718
-26.390535812
50.344443638
-80.693866200
114.646761493
-148.872867768
180.098424135
-206.017910031
225.130904848
-237.435921440
243.361205776
-244.368616521
241.324233588
-235.503113540
227.045423137
-216.470121780
203.665613745
-189.187940965
173.514633739
-157.422357859
141.446903998
-125.793110483
110.508431963
-95.407605972
80.614734590
-66.112865163
52.184112555
-38.681500171
25.436219637
-11.544416570
-4.071998145
23.129653250
-47.261077929
78.333801202
-117.837279896
167.217782152
-227.286174317
298.297430860
-379.391469996
468.868514759
-564.096754243
661.962773577
-758.867519339
851.054354648
-934.609472838
1005.764687019
-1061.016768218
1097.464361395
-1112.970658142
1106.483264065
-1078.253685045
1030.085637362
-965.177143048
887.711159956
-802.108202788
712.451106217
-621.960714455
532.982612053
-447.157448888
366.094260238
-291.698336982
226.438743564
-172.825096290
133.037651776
-108.078642326
97.580981306
-99.359831394
109.995194030
-125.169267941
140.978782335
-154.433772044
164.385370559
-171.013543570
175.768215980
-180.125941730
185.433570299
-191.993568671
199.601565997
-207.228580895
213.956379112
-218.699505784
220.979586929
-220.343209929
216.872925031
-210.479950735
201.381607367
-189.419758287
174.581443186
-156.566615134
135.541801888
-111.914955574
86.921581238
-62.158602313
39.713075667
-21.475339332
8.882194471
-2.145802193
-2055.638392164
11778.220955126
2.269216354
-10.454806088
26.477873066
-50.757430290
81.639255164
-116.489965088
151.910457507
-184.759405253
212.597302799
-234.018336252
248.806431445
-257.417477261
260.977941689
-260.275507590
256.133509301
-248.574200858
237.718429010
-223.448041715
206.124322405
-186.411567796
165.150628146
-143.266818856
121.216233836
-99.497906175
78.170687730
-57.702690983
38.189657446
-20.111582593
3.330549557
12.193132297
-27.394191541
43.276204036
-61.681446876
84.306258179
-113.291838935
150.299392446
-197.079956196
254.561292298
-323.186385006
402.066267285
-489.551159241
582.882529933
-678.966457622
774.122256071
-864.708327162
946.830262226
-1016.890429625
1071.392273246
-1107.516312002
1122.991515945
-1116.676855918
1088.539066856
-1040.194971178
974.550972620
-895.680047006
807.865379284
-715.263256411
621.145959216
-528.081455540
437.870193434
-352.383217430
273.663406069
-204.338806652
146.915027482
-103.580695563
75.247210430
-61.538372567
60.238960083
-68.006554329
80.601304078
-94.297036397
106.286888043
-115.665769118
122.806356980
-129.302674523
136.640692095
-146.068940429
157.679105924
-170.996907568
184.690585171
-197.527384027
208.123674187
-215.717493709
219.632999766
-219.771687860
215.960874120
-208.393140124
197.009179069
-181.950409516
163.167094245
-141.052643928
116.247452265
-90.114029753
64.355391990
-41.078082041
22.217389144
-9.195636261
2.234512429
15302.598192421
-3258.658111230
-2.230491136
10.493443415
-26.807635475
51.654840527
-83.460162702
119.534408777
-156.562271480
191.264162990
-221.318088843
245.113231724
-262.575575236
273.857656929
-280.194821643
281.909784194
-279.860996576
273.524864853
-263.053055304
247.916045679
-228.591133054
205.581781425
-179.987722507
152.839847477
-124.970922788
97.122496554
-69.711533326
43.417893582
-18.586645317
-4.175528558
24.835826922
-43.354895604
60.538447042
-77.383304124
95.705478251
-117.345266927
144.548355085
-179.224347527
223.241746627
-277.743345575
343.196821113
-418.846651170
502.982523389
-592.947829896
685.591679683
-777.407569177
864.784599313
-944.089396859
1011.778422020
-1064.574277510
1099.590257441
-1114.605917165
1108.221592540
-1080.286456467
1032.052199691
-966.288068346
886.781283403
-797.830583369
703.505872872
-607.279059304
511.779895884
-419.080615753
331.124752118
-250.149677906
178.729328367
-119.396060823
74.162797975
-43.912822954
28.154250008
-24.758988993
30.428303537
-41.143294334
53.350122634
-64.545742495
74.049140129
-82.492814955
91.565915970
-102.784887309
117.243784755
-134.828377093
154.750630662
-175.370879948
195.099477277
-212.228328604
225.662344728
-234.461443987
238.298506499
-236.877137771
230.333683192
-218.691640173
202.251551157
-181.249815128
156.365328368
-128.569185445
99.448676563
-70.948209862
45.286663174
-24.570195177
10.229541460
-2.545347762
3454.366191705
2543.369654579
2.251626287
-10.783503815
27.660484691
-53.496002105
86.619271563
-124.376432169
163.291686682
-200.118452763
232.389704435
-258.571109925
278.465060553
-292.305678741
301.148462919
-305.303024463
305.318778409
-300.561797682
290.844848703
-275.562352145
254.959646798
-229.596648317
200.524536344
-169.007659027
136.003116130
-102.592769775
69.372055916
-37.347419599
7.003338976
20.779596244
-45.864994733
67.973183845
-87.847705681
106.321864788
-125.260927466
146.476721548
-172.383121806
204.936803372
-246.189774754
297.308798375
-358.909461344
430.240014125
-509.736259318
594.771206079
-682.391087678
769.198082712
-851.858301994
926.902739306
-991.059371258
1041.141429745
-1074.385884902
1088.470054381
-1081.905128711
1054.256982501
-1006.567109871
941.297026731
-862.093653421
773.108548947
-678.469968216
581.696606005
-485.607754381
392.379092713
-304.106940374
223.021553332
-151.677289019
92.429173829
-47.153871395
16.557779294
-0.121605752
-4.267796115
-0.266625591
9.905135101
-21.400971158
32.535210992
-42.942963225
53.466581387
-65.930669137
81.815222198
-102.079042696
126.348219478
-153.538586549
181.660716431
-208.772592165
232.795526147
-252.286849747
265.991539442
-273.329945228
273.835030576
-267.568329750
254.607933947
-235.427064601
210.566773773
-181.069589106
148.318403867
-114.268474392
81.219588872
-51.664455878
27.952246182
-11.609137283
2.887089356
-1013.021335327
2118.790487967
-2.230799807
11.045336794
-28.636044455
55.695923936
-90.504753632
130.239695198
-171.349856880
210.359862254
-244.858651491
273.123222324
-295.171501640
311.050361640
-322.084291207
328.253766204
-330.290512290
327.080936455
-318.514484817
303.543451486
-282.460154547
255.558851200
-223.993711912
188.996534215
-151.725488378
113.409627166
-74.888494690
37.379434605
-1.594939000
-31.367363350
61.155404166
-87.285716634
110.323015783
-130.979092482
151.038966877
-172.319231945
197.236468118
-227.817745949
266.119353783
-313.394621992
370.274538323
-436.163609108
509.581829078
-588.158792795
669.102105280
-749.359473016
825.807453747
-895.348068044
954.874522400
-1001.472024566
1032.369173478
-1045.302731804
1038.545038979
-1011.525189807
964.916303343
-901.005818821
823.140181464
-735.450274005
641.971924764
-546.391777689
451.571119878
-359.883307699
273.409164726
-194.418715471
125.259383261
-68.133557818
24.622606047
4.691757272
-20.448177879
24.648072857
-20.266757273
10.806144039
0.791218431
-12.682499130
24.793103613
-38.209324092
54.837534846
-76.121601646
102.840645710
-134.363613877
169.290408307
-205.284370314
240.038499863
-271.092301397
296.639503250
-315.085911510
325.579489857
-327.451154730
320.667043953
-305.335910103
282.100378139
-251.822277971
215.950392599
-176.362589021
135.472102962
-96.068723834
61.011495513
-33.024291164
13.749468838
-3.466750835
-3112.705512744
-3009.387590935
2.295265157
-11.594127678
30.178705436
-58.849600336
95.680667851
-137.725243844
181.132220869
-222.322299388
258.708702411
-288.627185357
312.096548102
-329.340797952
341.729751105
-349.350289442
352.841102539
-351.024662416
343.557248981
-329.257287254
308.162314683
-280.487213965
247.217536873
-209.648108066
168.914053133
-126.455625754
83.197958716
-40.646189207
-0.356458612
38.392233112
-72.953890889
103.236796508
-129.681099798
152.751878422
-174.202784801
195.703171130
-219.705728128
248.132278915
-283.091208112
325.771889289
-376.938817542
436.071964833
-501.978035229
572.511798897
-645.275592215
717.515824155
-786.523571764
849.478592617
-903.609366956
946.151120870
-974.476395906
986.243724026
-979.624674998
953.764648805
-909.094424207
847.574049456
-772.361336249
687.411326484
-596.770913863
504.146828193
-412.537516698
324.365703275
-241.764701548
166.880511785
-101.891995618
48.691030899
-8.609105047
-18.008249266
31.838189703
-34.822322276
29.675452785
-19.593168566
7.105054503
6.301446310
-20.897120882
37.950893802
-59.454675814
86.746437929
-120.426012123
159.565252503
-202.462930537
246.418054175
-288.772561896
326.672915018
-357.954895664
380.673616519
-393.700500192
396.147463365
-387.873381626
369.000623916
-340.342273985
303.089870767
-259.148294432
210.951399240
-161.484174250
114.123485966
-72.233156410
38.972954874
-16.175577597
4.065281464
164.025255945
-6699.877272145
-2.256806820
11.969215973
-31.562524242
61.936271981
-100.974688839
145.436332679
-191.219636386
234.406201107
-272.399687077
303.355556736
-327.603010539
345.301980428
-358.293567416
366.487178756
-370.907534045
369.983559933
-363.546702049
349.957848146
-329.267983109
301.332409047
-267.103928118
227.715046761
-184.333345306
138.452692222
-91.119003696
44.035256206
1.776880367
-44.619788255
83.764425753
-118.104708520
147.877892903
-173.320112989
196.056703226
-217.623087440
240.386331446
-266.185406004
297.061219227
-334.211760151
378.459974192
-429.513388160
486.440507516
-547.525143653
610.739566926
-673.820990125
734.401305520
-790.091770615
838.341071108
-876.670405418
902.465847648
-913.437614295
907.518962744
-883.695268566
842.012137146
-784.212073258
713.110188013
-632.574898417
546.504822645
-458.705124847
372.161754523
-289.418542516
212.518008711
-143.536410823
84.346631663
-36.579263178
1.210649331
21.580841812
-32.566505121
33.533719262
-26.946604843
15.591537653
-1.582826562
-14.010413291
31.768617217
-53.137975136
80.128756093
-113.941329934
154.951165496
-201.920090267
252.839417305
-304.646023778
354.345413905
-398.695478561
435.197219902
-461.555910320
476.386106098
-478.570518010
467.867169070
-444.394446116
409.136765869
-363.614233319
310.206590650
-251.949271651
192.449204306
-135.764316777
85.815823747
-46.302260018
19.245722326
-4.880553507
-751.972491747
2501.067726129
2.307578618
-12.597027007
33.403442734
-65.728157299
107.145103397
-154.151825591
202.216095817
-247.185671517
286.260227804
-317.624393811
341.728537351
-358.979316788
371.489261081
-379.373952760
383.809255387
-383.211840608
377.333814873
-364.367088877
344.130468657
-316.293398842
281.555216479
-240.972339514
195.563471806
-146.926566058
96.099019437
-45.035017654
-5.146173942
52.394546823
-95.807664044
133.888877749
-166.709867130
194.177662582
-217.825931301
238.945319633
-259.862946277
282.226946393
-308.088576992
338.574231253
-374.697370657
416.352846629
-463.050036690
513.474699947
-566.148985199
619.238776111
-670.858140945
718.940966278
-761.269989788
795.526449317
-819.222064509
829.994769969
-825.654588230
804.905813059
-767.517925496
714.884596796
-649.560453291
575.172555501
-495.523969866
414.357181963
-334.694113605
259.057992765
-189.455968051
127.774400707
-75.641328814
34.334288302
-4.551626948
-13.749557610
21.339881062
-19.871648356
11.452967558
1.539999851
-17.494527764
35.736270077
-57.176740035
83.365501753
-116.299906927
156.963502974
-205.483228055
260.272482636
-319.019945501
378.298868739
-434.799772082
484.911719460
-525.828610794
554.933217877
-570.605092060
571.516759853
-557.333110875
528.173944908
-485.196232468
430.251832631
-366.213195838
296.740644786
-226.121127179
159.139641893
-100.355856294
54.027633751
-22.410438891
5.672579421
-7511.697737993
-2477.645653209
-2.188577503
12.878833704
-34.740002870
68.915562053
-112.677114557
162.147086282
-212.407948407
258.882034925
-298.710073605
329.881075080
-353.230527101
369.159425517
-380.424856263
387.055451022
-390.825754170
389.825878780
-384.129409468
371.472371268
-351.710470807
324.094331861
-289.206322315
247.852753641
-200.953460671
150.097793839
-96.330289707
41.798799609
12.263643459
-63.470126678
110.712677046
-152.098573037
187.487017275
-216.451216685
240.377957033
-260.327732108
278.536029680
-296.512340091
316.281639725
-338.996295629
365.839420416
-397.028903691
432.495127132
-471.472026105
512.981001677
-555.738422492
598.239855119
-638.835479600
675.512885450
-706.207283020
728.430985708
-739.861320223
738.073958076
-721.614381569
689.865096648
-643.974357633
586.095654494
-519.670808180
448.232026071
-375.485183980
304.320467046
-237.279361255
176.207152797
-122.864723848
78.554193034
-44.287736059
20.447025776
-6.868470300
2.772223646
-6.740039663
17.027856071
-31.754206587
49.810702831
-70.951820872
96.378793451
-127.708869634
166.854139930
-214.522939882
270.548012340
-332.962901815
399.156863898
-465.338156690
527.921534244
-582.943655755
627.348882412
-658.217647124
673.749959302
-672.418357388
653.832080761
-618.108067498
566.589348125
-501.446618015
426.039667873
-344.652658443
262.245402074
-184.359780712
116.180931753
-62.578164641
26.004070190
-6.637782731
-4423.360527194
5574.365756044
2.152067556
-13.355008732
36.379153111
-72.500099376
118.610006310
-170.502148177
222.754745312
-270.470813688
310.580339898
-341.047655643
362.913291140
-376.808360872
385.930930591
-390.528067533
392.755289867
-390.704565484
384.559340671
-371.863173500
352.316886613
-324.919769926
289.972528866
-248.121995050
200.056996305
-147.408430014
91.130291878
-33.604395853
-23.886673150
78.567623467
-129.162888433
173.317331874
-210.706025610
240.496044730
-263.967258982
281.888475412
-296.476773532
309.064889399
-321.762036903
335.722749840
-352.430082805
372.394954568
-396.096270468
423.259119928
-453.507572795
486.010672369
-519.718627156
553.270410946
-584.923472890
612.743417032
-634.329931724
647.304156178
-649.122300683
638.095934281
-613.335683986
575.650828887
-526.861800236
470.077625092
-408.567031097
345.821194921
-284.596410457
227.307730310
-175.676671863
131.256014598
-95.106641043
67.948567328
-49.959556668
40.857862125
-39.964412293
46.101826556
-57.981475003
74.217550219
-94.264317875
118.275648750
-147.740734553
184.270787656
-229.645664838
284.221734619
-347.500343447
417.101002411
-490.113312384
562.393605810
-630.111016813
688.993587672
-735.778912384
767.297323642
-781.606949699
777.023845325
-753.125096372
710.049941482
-649.332702328
573.463135137
-486.278281354
392.669893750
-298.267024062
209.350997241
-131.741545320
70.885865257
-29.438976832
7.524262869
2520.247741660
-4931.427743596
-1.880436907
13.317696352
-37.178007295
74.956724934
-123.173376113
177.242747083
-231.297758251
279.984524020
-320.161587704
349.557069535
-369.638001304
380.986674323
-387.555906723
389.484170039
-389.712771865
386.009327842
-379.050768057
365.918769855
-346.428060545
319.135681733
-284.206628870
242.010739228
-193.061560800
138.969209395
-80.599670404
20.544732740
39.878225198
-97.500586425
150.888087518
-197.204601728
235.939216412
-265.841158703
288.080030067
-303.153394618
313.270444805
-319.652967218
324.513131455
-329.100173082
335.195814378
-343.693827372
355.577965082
-371.134163538
390.497393687
-413.337818573
438.932457924
-466.252300045
493.689616961
-519.507263848
541.284512724
-556.698464413
563.016449010
-558.457132126
541.794275907
-513.612543453
475.284288796
-429.626124380
379.464350174
-328.063612002
277.865844238
-231.169685937
189.458060722
-154.145211481
126.014685055
-105.611252791
92.923486407
-87.673472165
89.305056316
-96.973261396
109.855437239
-127.115738200
148.765362632
-175.364304411
208.652713918
-250.189167890
301.565243849
-362.721107712
432.795934660
-508.956635585
588.012847196
-665.467743689
737.307756391
-798.974495410
847.078946889
-878.224851825
890.402248019
-881.784814246
851.972582627
-801.126880956
730.995146910
-644.362391033
545.517641189
-439.917883268
333.799023323
-234.146324839
147.329932958
-79.371509232
33.052905727
-8.533616374
381.717937520
-5161.230521647
1.676376952
-13.402194051
38.100916980
-77.469356491
127.616072478
-183.644737998
239.190077196
-288.562811582
328.449544726
-356.486247899
374.400668272
-382.890565923
386.453579555
-385.337631897
383.055367196
-377.306338443
369.074022280
-355.201646890
335.469674197
-308.153584898
273.174433140
-230.729436867
181.076436081
-125.863489090
65.799674995
-3.716600564
-59.092834277
119.043398643
-174.591817651
222.393740937
-261.798417032
291.106001366
-311.431834672
322.979657948
-328.033846496
327.697376457
-324.388651716
319.435841185
-315.012114708
312.341316600
-312.972261911
317.652975000
-327.058549164
341.229943356
-359.788643375
381.901693801
-406.127975289
430.816912315
-453.602610010
472.159410214
-483.691685147
486.301962974
-478.557331547
460.769000607
-433.930514340
400.443983762
-362.682561727
323.514125272
-285.037542651
249.299342806
-217.569864921
191.071355544
-170.405436551
155.957794911
-147.655548990
145.259287021
-148.441967435
156.703005712
-169.749401844
187.282336499
-209.896815128
238.524063349
-275.143997156
321.205725848
-378.074891932
445.221245817
-521.392576808
603.284702060
-687.432637057
769.014793057
-843.873375695
907.221235841
-955.589797974
985.414984862
-994.656062961
981.392470624
-945.271421283
886.505832726
-807.057654788
710.000320871
-600.041197251
483.153098520
-366.121191253
256.557941156
-161.322489265
86.923607822
-36.237032749
9.406262316
-5548.843560244
-528.787465871
-1.171371087
12.803465041
-37.840336826
78.310157958
-129.915808444
187.463300556
-244.169271857
293.929291955
-333.406158373
359.951934322
-375.751441549
381.316094006
-381.954759920
377.654543910
-372.860051973
364.843093245
-355.252651503
340.423418384
-320.368704588
292.926936665
-257.935390769
215.356636522
-165.257683747
109.310186343
-48.054017616
-15.437764338
79.953277158
-141.483213681
198.445997046
-246.981522504
286.362845469
-314.437029638
332.314125128
-339.916560184
339.644331030
-332.518512159
321.187379581
-307.101153420
292.805490274
-279.878229891
270.356073882
-265.447652907
266.244046242
-273.148990800
285.987296622
-304.132848235
326.181796442
-350.623048257
375.058989222
-397.278114184
414.389358189
-424.536680713
426.054781174
-419.110001761
404.235363188
-383.467472475
358.573641053
-332.014483068
305.384227095
-280.484922138
258.279982901
-239.873337421
225.676358553
-216.039569471
210.866414596
-210.071957569
213.584673942
-221.312415630
233.487768745
-250.364372406
273.102028196
-302.986448982
342.213460954
-392.081756807
453.710479672
-526.050344393
607.460008246
-694.132745674
782.372295448
-867.032379789
943.892388802
-1007.955221825
1055.763348504
-1083.598557752
1089.467548567
-1071.359594613
1029.027500424
-962.726334816
874.651727358
-768.125452286
648.228259943
-521.370972280
394.776856737
-276.591285932
174.010068289
-93.974180712
39.340795113
-10.351042677
11629.623845981
4620.983085833
0.709558766
-12.233789582
37.488952271
-78.812923339
131.496322874
-190.137525008
247.542616544
-297.332517979
336.098462075
-361.035802230
374.644592848
-377.355654331
375.081520670
-367.682723287
360.322762129
-350.023755116
338.932006176
-323.053632793
302.527335402
-274.909319438
239.896657466
-197.333917272
147.058492832
-90.829239447
28.964412032
35.207477440
-100.626652685
162.875439889
-220.416488792
268.896859634
-307.592445754
333.905557604
-349.008623700
352.534057115
-347.061362054
333.508172139
-314.811096416
292.496761640
-269.519233428
247.723754769
-229.636267483
216.798372595
-210.695816973
211.952094670
-220.580719751
236.033593811
-256.958563057
281.891992775
-308.470643662
334.565677300
-357.315104247
374.913627453
-385.594967644
389.366487667
-386.377003801
378.218424927
-366.057716716
351.824266773
-336.593347651
321.824809287
-308.208023398
296.704727588
-287.632117153
281.340269379
-277.824449405
277.188528084
-279.692781692
285.646408445
-295.829735400
311.010595818
-332.906742299
363.116302483
-404.037272892
456.785758627
-522.222510714
598.762699662
-684.373572229
774.754097030
-865.996320257
952.670551087
-1030.536037298
1094.446419537
-1140.999162240
1166.377356972
-1168.666706614
1145.810334469
-1097.684830066
1024.610406231
-929.005835113
814.419544381
-686.247054610
551.256080125
-417.001697162
292.031345184
-183.750933273
99.398342482
-41.746510571
11.103433732
3490.971343653
-1814.786555705
0.118778926
10.810637833
-35.611064673
77.100161519
-130.159434008
189.247099769
-246.855405074
296.298654093
-334.254497821
357.588371483
-369.300003474
369.422298035
-364.707847733
354.480776339
-344.951434953
332.497319987
-320.105548678
303.181981462
-282.263058673
254.497471510
-219.612535661
177.313116952
-127.268505949
71.342060040
-9.593271079
-54.377724841
119.767952421
-181.749250968
238.963557672
-286.569786281
323.968775121
-348.111280981
360.313735393
-359.900718019
349.672411473
-330.424808765
305.386208289
-276.140230927
246.007480363
-217.069372999
192.248079187
-173.374509892
162.200368834
-159.535107550
165.448857916
-179.471253243
200.188788751
-226.231248818
255.196907217
-285.147565628
313.228011130
-337.831995538
357.078170756
-370.943262820
379.137960220
-382.881738660
382.639638984
-379.838987863
374.929064146
-369.066342817
362.610516639
-356.467147368
350.869716108
-346.282306790
342.825825429
-340.876682662
341.030210734
-344.014128730
351.121623251
-363.602826656
383.693475828
-413.260722297
454.891054242
-509.485713428
577.668302751
-657.298330400
746.000254587
-838.967347244
932.153150748
-1019.846891803
1097.882426228
-1160.973810756
1205.869030025
-1228.654093509
1227.574713419
-1200.520870609
1147.551008410
-1069.026609318
967.598603318
-846.979664690
712.811405273
-572.106261891
432.595377007
-303.083728655
190.976451346
-103.713964193
43.844881445
-11.886126495
-455.641265140
-6.156942502
-0.933111545
-9.315592328
33.418610865
-74.654304827
127.514267227
-186.423630070
243.612653124
-292.238280542
329.057209590
-350.716068014
360.599347100
-358.404128925
351.529969020
-338.832352157
327.367396309
-312.982385253
299.363954861
-281.465040813
260.153371387
-232.316949583
197.692594796
-155.957582383
106.591885979
-51.616221437
-9.220094329
72.050508185
-136.414449536
197.119245936
-253.092385380
299.057667274
-334.633742214
356.340826373
-365.696715284
361.698089392
-347.394597658
323.410924231
-293.279686987
258.569523008
-222.964488148
188.683484590
-159.020793210
135.972993680
-121.523625564
116.542063236
-121.136200815
134.808197697
-156.093289793
183.640875945
-215.060365508
248.576739040
-281.436395367
312.238114100
-339.089376379
361.932958430
-380.117424213
394.456710640
-404.756130883
411.889205741
-415.711780416
417.042098006
-415.969500472
413.353532280
-409.437218950
404.835574737
-399.879735299
395.228859538
-391.841428404
390.820330075
-393.942971334
402.868552704
-420.304363346
448.327518253
-489.689955395
545.063266098
-614.848721945
696.375557269
-786.961506340
881.338336197
-975.363726524
1063.101388261
-1140.506910489
1202.215297540
-1245.166473282
1265.401595224
-1261.355062459
1230.903142636
-1174.297448801
1091.952037698
-986.722518181
862.442967314
-724.915539734
581.286450885
-439.317608980
307.901796254
-194.272676681
105.911268003
-45.060328967
12.440831747
-2651.301952544
420.191623080
2.171194147
6.817646627
-29.401291253
69.525572749
-121.293031332
179.202725328
-235.323471514
282.651212097
-318.179179261
338.174052021
-346.583759897
342.448472685
-334.039270761
319.312828251
-306.485010596
290.459546810
-275.963724191
257.230831729
-235.737509630
208.003658639
-173.939286347
133.186031674
-85.072017693
31.802539536
27.251952983
-87.931980733
150.259575768
-208.666733815
262.537228150
-306.150568948
339.488870151
-358.606187888
365.307903216
-358.200722644
340.614614830
-312.935058125
278.991510538
-240.279324768
200.806005817
-162.876416267
130.081417840
-104.536777737
88.357817535
-82.446959481
86.848527818
-101.043796622
123.426426213
-152.705796356
186.430949816
-223.069150178
259.924658818
-295.908699240
329.083633104
-359.465807617
386.002790728
-409.200272541
428.162903640
-443.298811856
453.836896745
-460.345710260
462.635565540
-461.620041458
457.571092343
-451.346603898
443.499536211
-435.009329358
427.164810608
-421.409318096
419.934196450
-424.727648854
438.901257269
-464.665022668
504.919707077
-560.073997000
630.360894214
-712.588002428
803.863916704
-898.476246382
992.295018801
-1079.169060049
1155.284701235
-1215.201781674
1256.153729256
-1274.130630563
1267.839915919
-1235.126749877
1176.489556388
-1092.352895161
985.769901783
-860.608320994
722.738198754
-579.300774527
437.905000663
-307.363480876
194.503043447
-106.745230888
45.883939817
-13.016700446
5488.493536723
150.406450497
-3.413384788
-4.181784175
24.925158344
-63.414081197
113.401975234
-169.573711626
223.911600616
-269.392060240
303.257518358
-321.488190154
328.503170526
-322.724161877
313.124287052
-296.794901005
282.932920706
-265.578222135
250.385371820
-230.993932080
209.449629349
-182.032290773
148.814032915
-109.487069543
63.202213672
-12.378254286
-44.047362737
101.641023574
-160.989336879
216.200636041
-267.211646060
307.908466766
-338.710871885
355.216319494
-359.546853614
349.881136036
-329.825615413
299.461583434
-262.902774875
221.498279314
-179.566106896
139.415229264
-104.915323861
78.210703471
-61.531674476
55.727066238
-60.775188541
76.065043244
-99.863348045
130.881446840
-166.636173025
205.794770014
-245.764239802
285.742425200
-323.802650681
360.022558547
-393.018225598
422.996120929
-448.447045802
469.340293091
-484.368358530
493.880001086
-497.492014678
496.203754010
-490.392745349
481.179124015
-469.377717992
456.263037350
-443.433188664
432.594991059
-426.282734563
426.711108075
-437.313015354
460.350658403
-498.832079646
552.892890839
-622.627950379
704.382757641
-795.128274272
888.789488096
-981.317385668
1066.419646788
-1140.567753760
1198.310440181
-1237.216367515
1253.276625178
-1245.497714138
1211.727065348
-1152.710349781
1068.878086072
-963.433221034
840.212409483
-705.046147520
564.942220342
-427.197482403
300.370537773
-190.712493351
105.438160448
-45.826574877
13.370058349
-7872.469381887
-10254.802157724
5.103830948
0.482962798
-18.512686055
54.466690073
-101.749041715
155.355800696
-207.270281414
250.451025420
-282.528009882
299.039184769
-305.041949670
298.031557969
-287.902671233
270.464357468
-256.202300343
237.890604827
-222.445242818
202.656325253
-181.402552429
154.618068983
-122.673042448
85.295056887
-41.463398068
-6.163192613
59.168353940
-112.802143387
168.359913617
-219.587202678
267.139410087
-304.466841790
332.565419302
-346.507709820
348.812025212
-337.136039101
315.389187913
-283.255981516
245.131220685
-202.146718477
158.906996577
-117.674441016
82.551831203
-55.681568995
39.350254021
-34.349324720
40.530541180
-57.214643237
82.479548958
-115.078016493
152.424196199
-193.430832665
235.532841107
-278.269230714
319.659722295
-359.921870076
397.312628140
-431.859895486
461.460095209
-485.789486806
503.039172259
-513.466004205
516.514577618
-513.362428087
504.496152540
-491.346596844
474.964007318
-456.905581648
439.013570670
-423.186656051
412.211709775
-408.420598649
415.482574253
-435.608847664
471.889566379
-524.147396618
592.410675322
-672.591560678
761.656639553
-853.211719423
943.425037542
-1025.884804258
1097.467548956
-1152.713990095
1189.633716976
-1204.209520277
1195.831537324
-1162.323501874
1104.723077658
-1023.407640887
921.705555383
-803.314802782
673.918276788
-540.242512779
409.089317300
-288.610106178
184.269646803
-103.011715033
45.486555285
-13.774925428
2604.409452656
3032.553906918
-6.772638107
3.298375220
11.749145578
-44.710704275
88.701280323
-139.126414444
188.047272159
-228.521031267
258.570616197
-273.367643743
278.518103941
-270.630519603
260.364349202
-242.291338276
228.018331125
-209.141159664
193.727690269
-173.837378134
153.135720998
-127.313164404
97.014042703
-62.054017930
21.211427767
22.608355265
-71.546704201
120.558717261
-171.693164862
218.373824948
-262.027557783
295.710495339
-321.033734980
332.556035215
-333.197060752
320.063293576
-297.344905338
264.275232314
-225.504000189
181.885726913
-138.289281331
96.865719693
-61.934578055
35.575484845
-20.131361082
16.289497216
-23.795572507
41.868572185
-68.428486763
102.233751074
-140.617224954
182.685586569
-225.909205558
270.111987519
-313.277888993
355.741561005
-395.469890886
432.355704647
-463.828847124
489.358290801
-506.766004824
516.281656839
-517.263108683
511.084543994
-498.375375661
480.853947379
-459.791440302
436.965476397
-414.404603448
394.107750691
-379.025342687
371.499471956
-375.336718768
392.611340245
-426.440899014
476.330259876
-542.275489274
619.838666651
-706.071210758
794.368840437
-881.197425796
960.113716885
-1028.451845105
1080.812642145
-1115.682863946
1129.091646421
-1120.832419098
1088.736190547
-1034.121056850
957.296656327
-861.653391986
750.674500163
-629.780101536
505.289253645
-383.366634832
271.612963118
-174.586215433
98.858635289
-44.429424495
13.990380467
-1143.549585513
-6105.892665918
8.846545484
-8.036269952
-3.257819752
32.464555415
-72.418401691
119.055681879
-164.580580526
202.140981923
-230.250719125
243.567360387
-248.377681476
240.135626415
-230.458077355
212.326037068
-198.742728266
179.783484524
-164.958228828
145.368913744
-125.681008545
101.233569949
-73.038989444
40.974903428
-3.608638580
-35.880377764
80.264057597
-124.142233878
170.424284194
-212.146742362
251.634780345
-281.491671722
304.062250756
-313.326763714
312.685008736
-298.610989433
275.606645335
-242.369056092
203.801660483
-160.407986895
117.293414716
-76.437095062
42.331386651
-16.962771821
2.693470273
-0.119136201
8.856345589
-28.068719798
55.495645228
-89.953929165
128.647666851
-170.910381202
214.169594186
-258.556072776
301.946047890
-344.850790432
384.938737769
-422.101307143
453.366428858
-478.166988420
494.026541547
-501.273476145
499.193771728
-489.406716698
472.645655646
-450.903902568
425.603786823
-398.688520052
372.289877379
-348.423159295
330.114947698
-319.609899778
320.771156034
-335.434133307
366.720195526
-413.782598816
476.664510577
-550.622873836
632.939656954
-716.861001031
799.290996300
-873.782463180
938.238593697
-987.321843731
1020.090832918
-1032.611191902
1025.154266750
-995.530113357
945.369862126
-874.850551804
787.389504305
-686.145386435
576.170314414
-463.243169341
352.741245055
-251.606366890
163.345022677
-94.148790943
43.303157052
-14.295527000
-6366.568772674
4713.577895101
-10.793892349
12.626960749
-5.173796290
-20.008208262
55.568032917
-98.043741953
139.860140862
-174.350316116
200.496807289
-212.522355292
217.272165362
-209.129704773
200.479799014
-182.836333451
170.385799251
-151.845340735
137.999377117
-119.140518103
100.832698047
-78.151346906
52.424710105
-23.617383737
-9.928639549
44.772415267
-84.299041444
122.782625308
-163.963034911
200.537488422
-235.711134294
261.699196630
-281.574645052
288.797336942
-287.232407206
272.744608083
-250.111014840
217.478915583
-179.956921658
137.654962188
-95.856696474
56.302324322
-23.606356862
-0.396201141
13.332959069
-14.723424951
5.041245236
14.824922076
-42.495199806
76.842128637
-114.986042576
156.449244953
-198.628962106
241.901885386
-284.053906107
325.749241053
-364.439379079
400.070619242
-429.417380966
451.972654256
-465.097309112
469.266125329
-463.746151665
450.372120652
-429.959203103
404.700868512
-376.110424137
346.210121238
-317.160527672
290.909089532
-270.472825603
257.913950196
-257.058334197
269.439742510
-298.129544442
341.947995936
-401.018436693
470.400670171
-547.692100204
626.118935691
-703.089424192
772.249289278
-832.097194001
877.426251673
-907.875258632
919.601892973
-913.350696557
886.941953284
-842.287986685
779.419517259
-701.708911000
611.924429347
-514.651062517
415.031726694
-317.567698618
228.455372077
-150.116848528
88.315937246
-41.664562463
14.429722964
-7451.697882104
-3033.484440811
12.998727121
-17.865311047
14.816224246
5.760904192
-36.375028207
74.270082118
-112.153943594
143.543884146
-167.941422524
179.030202531
-184.273657893
176.811972439
-169.900456279
153.374595543
-142.763462571
125.224774131
-112.983066116
95.376463622
-78.978272361
58.513629968
-35.669112310
10.463973617
18.985149853
-48.957778654
83.468354300
-116.414584699
152.396940351
-183.724368515
214.537722763
-236.640697144
253.909848905
-259.277773129
257.137801683
-242.725860498
221.116617316
-189.865658889
154.267280331
-113.974405835
74.385704701
-36.922872507
6.242412805
16.022805112
-27.535703347
27.916932486
-17.726242908
-2.161245462
29.270623072
-62.603385142
99.196768556
-138.802904665
178.748179629
-219.671079456
259.225844702
-298.278136796
334.082187070
-366.757702896
392.908111488
-412.229060202
421.985090284
-422.873464287
414.126739296
-397.779281821
374.648636621
-347.062794574
316.532193730
-285.082993698
254.822923501
-227.557084005
206.220183237
-192.608359397
190.444305311
-200.887658854
226.945286527
-267.100034772
321.634237267
-385.480960612
456.686932256
-528.537626056
599.061096952
-662.031694999
716.617410436
-757.743253658
785.680528326
-796.666501178
791.953736918
-769.342281759
731.027908435
-676.835244638
610.049554871
-532.962304040
449.615487367
-364.431171305
280.957037792
-204.604990934
136.672228869
-82.535806478
40.140172057
-14.650879855
2394.678670873
3867.552799964
-14.845650040
22.492927971
-23.657269863
7.769732476
17.699486142
-50.734308508
84.431543584
-112.599862008
135.204609239
-145.530999500
151.456825552
-145.084915058
140.228856032
-125.349377630
116.939574224
-100.942136735
90.688455310
-74.820842193
60.704294886
-42.831711383
23.156735047
-1.760286191
-23.442470433
48.503959042
-77.960111739
105.416114875
-136.191739499
162.322978803
-188.761222709
207.045727206
-221.768479553
225.490680616
-223.064800253
209.219369351
-189.248988716
160.180327230
-127.399053601
90.096919704
-53.670921060
19.160658742
8.843290245
-28.974665207
38.970056451
-38.565750854
28.359587663
-9.186020675
-16.479982697
47.791693973
-81.790949896
118.439888406
-155.048469578
192.463485210
-228.260461061
263.477182735
-295.272990802
323.971809022
-346.151785337
361.761095827
-368.079663305
366.017485469
-354.789776293
336.546360750
-312.052177267
283.662075736
-252.809185222
221.436358737
-191.527884210
164.685395573
-143.684724495
130.006879837
-127.185358909
135.987378020
-159.303243254
195.341248899
-244.562442540
301.916739870
-365.954672353
430.177371385
-493.254958511
549.205298648
-597.837104473
634.284126784
-659.396161260
669.545912937
-666.428910082
647.855752421
-616.230286311
571.169632755
-515.793813877
451.889083938
-382.898783566
312.490551903
-243.262959884
179.829886488
-122.452862814
76.108881691
-38.194217907
14.649091517
5769.800956669
-8638.492097461
16.637272139
-27.139222134
32.713334796
-21.869125831
1.940567227
25.859144930
-55.107218096
79.945424685
-100.804203931
110.579136799
-117.498603770
112.643402219
-110.294227973
97.586103862
-91.876763615
77.959612381
-70.190372471
56.552762619
-45.150089523
30.234607540
-14.012570787
-3.404769240
24.267756541
-44.430956192
68.874126744
-90.938157800
116.574514114
-137.593215600
159.691608722
-174.223552916
186.467287983
-188.713235017
186.259169744
-173.411704183
155.653007383
-129.522601037
100.429037799
-67.086774434
34.778139065
-4.094216869
-20.562810527
38.148449141
-46.536518252
45.567863274
-35.859885628
18.138750390
5.182300140
-33.481872809
63.858772319
-96.523836088
128.789337364
-161.717848378
192.819589763
-223.327336546
250.356577772
-274.499203020
292.389855625
-304.295636700
307.560469524
-303.310263203
290.711848542
-271.962203434
247.690062820
-220.187646493
190.726754887
-161.096597595
133.093081074
-108.063516707
88.565408197
-75.717801898
72.807902534
-80.187026200
100.613906980
-132.066363322
175.239502603
-225.206537106
281.108330617
-336.768561792
391.555057253
-439.789596514
481.926866239
-513.326685704
535.391834808
-544.623814159
543.119569593
-528.675571511
503.852965741
-468.025209642
424.099857457
-373.323961153
318.519083247
-262.586887658
207.203007854
-156.214584734
108.934981379
-69.994289833
36.329080190
-14.627421306
-1799.330972863
3880.563888948
-17.648729151
30.305138871
-39.559274813
33.480313687
-19.021997505
-3.360871803
27.872933815
-49.138583312
67.953866711
-77.105366788
84.831259728
-81.628106848
81.698428248
-71.471169999
68.469486322
-57.006661813
51.829333676
-40.748089334
32.204259081
-20.426744855
7.736573782
5.725699843
-22.292981715
37.758456258
-57.316967996
74.260643595
-94.881400430
111.027403217
-128.854231317
139.821254358
-149.647827149
150.646143238
-148.360835967
136.929373033
-121.847158127
99.342463538
-74.677322776
46.168220218
-18.809380258
-7.264690237
27.986502175
-42.667814703
49.378215719
-48.066615607
39.322555975
-23.739599600
3.558136574
20.836552626
-46.721540463
74.523768293
-101.662018235
129.346765157
-155.125967005
180.365321274
-202.263247663
221.644496362
-235.336789823
243.892222579
-244.812719661
239.364101590
-226.680437067
208.889528933
-186.444048506
161.463893232
-135.006674771
108.640571347
-83.920497146
61.912579039
-44.888529045
33.604801949
-31.018905096
37.109514276
-54.439688540
80.875777977
-117.321448848
159.153414568
-206.081541429
252.436757172
-298.221807688
338.209955800
-373.386934655
399.444368342
-418.192017945
426.334978259
-426.219780354
415.679743586
-397.301833550
370.253997143
-337.152393456
298.741679584
-257.226316869
214.784203016
-172.282229905
132.842417037
-95.048806989
63.149332037
-33.826636607
14.201671276
2422.326563608
6988.554069975
18.098804099
-32.404460833
44.803206882
-43.273487669
34.206825532
-17.344443633
-2.255529977
19.789596593
-36.355938331
44.819165334
-53.199895533
51.715578965
-54.121109122
46.572234157
-46.272497024
37.513520588
-34.990395907
26.661249841
-21.034687166
12.445604201
-3.255611748
-6.390325950
18.817579370
-29.879757784
44.790597086
-56.973444545
72.819047774
-84.426960965
98.168942266
-105.839482569
113.388455294
-113.384143327
111.449354767
-101.765082872
89.695268467
-71.314258789
51.595089736
-28.538266385
6.702030909
14.220670908
-30.624720069
42.182834133
-47.220390592
45.774313410
-38.384238737
25.470287991
-9.030129557
-10.815207708
31.598449906
-53.956743364
75.481698413
-97.498872930
117.660982421
-137.434437172
154.181286576
-168.937013358
178.802967208
-184.586388386
183.994906501
-178.372772996
166.816585149
-151.297230384
132.052450788
-110.950367632
88.792243840
-66.880224491
46.491973001
-28.399290078
14.544870333
-5.330376443
3.333834178
-8.204731190
22.278745946
-43.407454860
72.693968031
-105.948645327
143.433479603
-180.109732535
216.562024221
-248.106265059
276.164420589
-296.814716877
312.150896036
-319.109324267
320.158604197
-313.183722791
300.695733184
-281.678961353
258.415205398
-231.189005237
201.625399093
-171.241149947
140.223745200
-111.038808528
81.745441658
-56.210721025
31.032101877
-13.519074293
4251.224245788
10274.138564099
-17.232787650
31.822782272
-45.748391250
47.710125543
-43.248929707
31.584569320
-16.894485000
3.239685825
10.617076047
-18.070620933
26.438217016
-26.387003467
30.422575855
-25.428407757
27.221395187
-21.125623099
20.806289544
-15.129887504
12.070134484
-6.416682185
0.388463939
5.868561705
-14.526865297
21.743770495
-32.400777709
40.434278716
-51.882017080
59.533930683
-69.499321650
74.350603166
-79.821913719
79.160233809
-77.691520407
70.018132129
-61.070156046
47.067029860
-32.447090884
15.095547430
1.059239604
-16.655546790
28.680296668
-37.116978974
40.592257193
-39.211663733
33.426931670
-23.493925529
11.075658385
3.921211302
-19.401785526
36.122229897
-51.973997430
68.281039484
-82.939062963
97.394558257
-109.316634135
119.831784465
-126.443846366
130.093506986
-128.790453072
123.835169855
-114.342274098
102.014870562
-86.896692387
70.525899154
-53.446457173
36.666185876
-21.166391233
7.445912353
2.927673877
-9.842522616
11.171366905
-7.477990624
-3.260545799
19.044265271
-41.066827104
65.755084550
-93.773086600
120.891561913
-148.086132955
171.381406409
-192.414037093
207.792866767
-219.658913157
225.300599656
-227.086383946
223.059535488
-215.489249018
203.284519882
-188.327679327
170.558390797
-151.086876927
130.875977981
-109.639525507
89.245666950
-67.544483820
47.911928369
-27.133897286
12.171412712
4732.228162590
6506.156213084
15.380432525
-29.148635038
43.205613327
-47.576139773
46.780786107
-39.714507056
29.616271447
-19.724799253
8.792450491
-2.574418941
-5.217052834
6.240553325
-11.209448313
8.469087759
-11.703076571
8.021612126
-9.363647717
6.034650126
-5.050072854
1.889242307
1.484700989
-4.942726692
10.378452922
-14.447633108
21.426403583
-26.059562080
33.681188593
-38.099477731
44.779806715
-47.392341545
51.091774797
-50.109277966
49.170496311
-43.585157815
37.615330079
-27.869079216
18.072449900
-6.181791598
-4.627571201
15.191749210
-23.159242766
28.740649572
-30.887137070
29.736214925
-25.639407525
18.697504256
-10.203891897
-0.099428791
10.542137680
-21.922679519
32.501289307
-43.512661857
53.180098175
-62.839245348
70.550487718
-77.430510736
81.451929108
-83.583258410
82.187720242
-78.431859779
71.492974223
-62.743891727
52.069389617
-40.644898392
28.778510358
-17.185128237
6.557829576
2.840256310
-9.824554872
14.500428464
-15.213486439
12.634089297
-5.096305600
-5.664355280
20.838203743
-37.564617922
56.760228354
-75.085087367
93.727156080
-109.499408160
124.065980566
-134.643169469
143.233022068
-147.547039529
149.689396134
-147.935179400
144.202965709
-137.417688416
129.044044662
-118.789946570
107.340279367
-95.220286315
81.864082223
-68.618000683
53.382604020
-38.974619377
22.569730686
-10.370637336
-395.982516309
-468.477680728
-12.109117440
23.400776842
-35.452765660
40.475564693
-41.770716745
38.219842297
-32.079466367
25.666800576
-17.916267471
13.273289695
-6.935400075
5.473205554
-0.723049930
1.826682553
1.723719322
0.094801007
1.954787943
-0.385568709
0.652946424
0.721128052
-2.206270254
3.695394099
-6.655405217
8.497042235
-12.541803927
14.738863821
-19.258505079
21.364095004
-25.368970466
26.461177207
-28.724664817
27.767008629
-27.298575970
23.700451147
-20.252835521
14.271294906
-8.552589634
1.387287714
4.922529219
-11.203677531
15.807560201
-19.041669823
20.182982405
-19.366801890
16.830961452
-12.575609176
7.495874960
-1.281652126
-4.877878759
11.685604583
-17.860853483
24.406920534
-29.989221281
35.686328644
-40.058750491
44.052175111
-46.191698114
47.314821943
-46.214596982
43.808125860
-39.423303406
34.046205291
-27.487540322
20.548527461
-13.360654524
6.373023853
-0.019568304
-5.602252825
9.689137525
-12.445951711
12.715386354
-11.120988099
6.430019930
0.028426234
-9.272185498
19.252403585
-30.887434953
41.810714724
-53.145909989
62.598652533
-71.594940527
78.082583036
-83.681972301
86.660863303
-88.658307522
88.321002186
-87.087869226
84.050385762
-80.233620308
75.272442362
-69.532188647
63.241232934
-55.783865312
48.047432770
-38.288786249
28.624857469
-16.866708741
7.890128086
-4808.965960232
-5439.932947224
8.319410551
-16.349270296
25.221483973
-29.622886776
31.666369399
-30.435380889
27.304380893
-23.726960770
18.920969529
-15.888565667
11.417456960
-10.021861137
6.254909627
-6.376469941
3.329173977
-3.926787245
1.923950536
-2.380902992
1.589625338
-1.893983051
2.246555021
-2.573410622
3.860816511
-4.360485802
6.320279431
-7.015234017
9.285896660
-9.966759202
12.019053373
-12.244131338
13.454473445
-12.726976147
12.598255151
-10.632908986
9.034614087
-5.956771483
3.233389713
0.366305643
-3.385357980
6.489823475
-8.673264781
10.227707358
-10.719594659
10.251888031
-8.963590068
6.800888830
-4.304048380
1.191855978
1.793309369
-5.180429269
8.141472336
-11.385314736
14.032996922
-16.842894945
18.878588773
-20.829907367
21.755432258
-22.273985741
21.603469504
-20.370232469
18.095315270
-15.395543415
12.079129752
-8.618386976
5.035493475
-1.568451060
-1.551385700
4.323738774
-6.272728799
7.611919222
-7.630018746
6.810312324
-4.347645257
1.128963476
3.598440793
-8.550474394
14.477662370
-19.910005720
25.731219905
-30.489846477
35.231699632
-38.624321916
41.801845677
-43.608075650
45.152436045
-45.501462642
45.597867868
-44.778661965
43.674417446
-41.957795268
39.784275193
-37.208906593
33.719197741
-29.832866705
24.311573012
-18.558244065
11.096113856
-5.266287211
156.906868024
-5629.229115932
-4.302886798
8.561128072
-13.378789888
16.022555526
-17.525534930
17.356398537
-16.158656552
14.630523275
-12.348369187
10.844177164
-8.489893241
7.619418011
-5.477976576
5.295070936
-3.483908716
3.541314181
-2.277569283
2.277564895
-1.640293924
1.558911132
-1.494376915
1.405931159
-1.796821019
1.772156249
-2.483486500
2.541593206
-3.408535917
3.478838255
-4.285214205
4.211787856
-4.717452386
4.324161845
-4.341050735
3.526089455
-3.001971934
1.810832844
-0.869260028
-0.483106579
1.539409201
-2.683755999
3.442770748
-3.999737361
4.152800875
-3.959324994
3.479538121
-2.664790784
1.763952412
-0.605710721
-0.455621225
1.710583644
-2.751289356
3.951244523
-4.870912578
5.908927536
-6.601624339
7.320974137
-7.607775644
7.798339665
-7.505897294
7.052310559
-6.182472880
5.191294398
-3.954865360
2.686734893
-1.371326070
0.104344099
1.020704235
-2.029135178
2.704247731
-3.183947839
3.132353459
-2.819321984
1.843632485
-0.652313786
-1.165274674
2.993610208
-5.266783541
7.284673424
-9.546486718
11.349183431
-13.257755841
14.611926063
-16.004392822
16.848842380
-17.710602371
18.104356398
-18.498744135
18.536075004
-18.514331679
18.236418319
-17.747477856
17.039504298
-15.815294557
14.310560692
-11.871575955
9.206971897
-5.564216274
2.668131605
-1190.582860426
-1724.350583673
1.494818591
-3.010324499
4.762759856
-5.807731769
6.483754666
-6.586702547
6.317216057
-5.899344489
5.179480472
-4.682128570
3.853218389
-3.502388725
2.694522158
-2.548040127
1.839771768
-1.774925869
1.260084921
-1.182501604
0.887023508
-0.782457722
0.680669877
-0.568159992
0.614930041
-0.515588601
0.663751382
-0.586586728
0.786854936
-0.720637919
0.917810831
-0.832872542
0.971026433
-0.832905229
0.869555233
-0.658019940
0.580037046
-0.304148029
0.135552904
0.161404806
-0.359142908
0.602922184
-0.745908740
0.861053511
-0.886764388
0.842638003
-0.746071126
0.571637749
-0.395810639
0.149474473
0.053798921
-0.320959464
0.516744018
-0.773304796
0.942915871
-1.166266567
1.289428933
-1.446671486
1.488101524
-1.535711384
1.461365228
-1.375528176
1.187190257
-0.989735498
0.731833491
-0.476298299
0.208777292
0.047608838
-0.268811274
0.472949860
-0.594143929
0.690153045
-0.654362442
0.587486342
-0.354201996
0.105773728
0.308802237
-0.692097844
1.211190775
-1.642811669
2.174980870
-2.578966043
3.059269961
-3.395490403
3.795408326
-4.058350178
4.377519281
-4.582614694
4.829941065
-4.989839192
5.156730294
-5.252867144
5.282887071
-5.232153714
4.987789057
-4.621533149
3.903215376
-3.073720751
1.876282178
-0.908141226
108.740001558
65.246040392
0.257989146
-0.528976882
0.850514720
-1.062877026
1.216561550
-1.275605118
1.263898677
-1.222094513
1.114176677
-1.038187879
0.890104340
-0.822171258
0.663477222
-0.623081087
0.477918440
-0.449810218
0.341594401
-0.310476338
0.244202131
-0.206159883
0.174937993
-0.132013580
0.125735204
-0.081302767
0.090782735
-0.047734449
0.065879602
-0.026240927
0.048002120
-0.013026072
0.035002514
-0.005359030
0.025381719
-0.001324861
0.018113248
0.000394650
0.012508217
0.000693134
0.008112813
0.000169509
0.004630719
-0.000776990
0.001867089
-0.001880710
-0.000309453
-0.002965162
-0.001991503
-0.003914629
-0.003246789
-0.004657940
-0.004125175
-0.005157642
-0.004665439
-0.005399090
-0.004902423
-0.005382749
-0.004869291
-0.005122360
-0.004596641
-0.004643175
-0.004114617
-0.003976898
-0.003457026
-0.003157163
-0.002663013
-0.002218812
-0.001774895
-0.001199670
-0.000836506
-0.000138423
0.000102410
0.000932992
0.000979185
0.001996227
0.001713803
0.003051191
0.002204648
0.004123105
0.002319155
0.005277312
0.001874212
0.006646719
0.000601221
0.008477702
-0.001910601
0.011200884
-0.006298869
0.015532418
-0.013542726
0.022594115
-0.025057297
0.033910424
-0.042427476
0.050537589
-0.065261042
0.068454056
-0.082387676
0.064339644
-0.056150978
