-14.050517877
-22021.245414496
86677.476589957
-42745.073657091
159716.878448399
10417.775102592
202534.280259526
-50842.175714176
-48129.128689313
-249896.729380491
106416.154272727
81123.796836511
-220836.213942106
100127.899766330
-436575.741940076
-231504.840544651
-365098.182167304
103594.442640814
213667.558860660
159848.562202483
-136597.014143485
-28147.374247086
135.477225993
-113013.250438958
265215.372005914
503028.474494627
-151192.552782277
-169583.750026971
-252055.058142511
-61572.384815328
-16453.535903106
-149610.144507314
311449.962017273
223594.406619122
250099.440974558
-258576.494974017
240429.554659482
408983.088440372
41490.454554255
200378.998512486
-79847.656671254
1262.138764737
14695.331427511
-338019.523098787
-441047.401758611
58747.175644184
690971.659623733
-308851.358363031
-227795.753701205
97499.528852335
97393.259070829
247313.017052919
-133742.730379398
160888.468182112
442855.395689608
-116891.848427133
-580867.001605807
-165074.616505054
521377.487024101
1390.883030018
-43179.129167981
136304.745077952
-367236.960172212
73097.027422883
-396541.408275214
-378794.934405166
-291346.340000428
-19427.133830577
165052.326027164
-11212.873346019
182887.838265300
-382648.737735721
-51513.367539382
-90005.700551335
149510.917302526
414517.371482180
105203.398481284
295492.193634765
-748536.297400567
50671.320214548
-49055.160190958
1286.593506832
646594.411180939
75449.061779426
-31718.556647920
116441.006331775
266097.177162198
-12866.742535264
264759.247396079
53703.215855034
-42160.452494819
21909.343720169
106321.487391407
-123176.026262763
218688.780163304
194470.275315875
-191754.409568207
22485.524937603
-54238.068818622
-91538.468441713
124116.631678052
-151496.668732503
-404114.211840107
42596.967318464
-365480.239622231
-230719.902973951
-97098.820011431
39113.564139507
155723.769731821
-169707.069993511
-24195.498161505
502041.279228478
-162621.144526393
121756.698253899
244077.404181329
-120453.581577244
447219.345650990
-162924.154231526
12238.570167908
-66274.176576981
-77891.272599037
259626.513471258
53107.352815074
-131702.041264707
-47801.833254550
-115703.215644381
-455943.380820233
-81650.350597295
336859.658060113
84350.157685336
-73228.875959831
-795648.111702981
-17812.118496369
215411.885151090
-122960.346457574
-66286.917480461
570256.252262770
-209312.962748322
-634809.408700808
50197.772462360
15836.092557942
135040.072469047
90844.884457487
-296040.930935195
216132.227474457
136486.009812736
-311231.021707637
82734.451021787
31117.519945476
30293.428015271
84046.585731820
-70628.174267627
369950.423743019
115999.386667260
-111031.048441949
99909.885340308
-305128.687855946
674535.780903951
415557.561130912
451.327587688
-91812.883149171
146745.672835875
-302371.764719728
-286990.238969620
76817.663981592
290193.798087981
-174158.144617192
-185189.393363847
-160729.630259041
-156534.928550395
-103781.145979199
249838.061152725
62194.236435038
410829.951166622
50249.849870163
-3119.863577518
262766.299408539
-169630.781357191
-111819.774404217
-22534.931671943
127980.525192774
160417.841318370
-212669.498548002
219126.070701238
-251291.193087649
-672549.711635460
619049.375353904
-318043.342261900
198581.047413992
-87491.952481836
-2864.333149807
-293178.424555766
27708.599081604
-601288.460916766
121658.425542876
419824.735594310
-317460.889328807
-131693.717439145
-219787.350054306
-57509.643019925
-22658.552355436
-459957.502637535
115019.481641917
522488.215040516
-353861.095854240
-116602.076847950
-218312.165344649
350303.123655183
-106418.573428202
49933.639376413
-24863.889859680
335400.112062611
-187074.788686336
-374779.592640205
426815.254764212
-52186.969482764
53963.091846191
56275.358943283
326335.419743779
85785.707652123
-113697.377881495
161652.268222393
454142.310246793
25477.632768043
192841.388707935
271691.891187785
-218436.114641765
516759.084132244
428589.154684534
21683.103545605
34821.899942133
94981.549862746
-529476.513722031
33111.528710710
13792.343497930
-277692.656249336
233727.949537653
-782192.728717264
-1030259.731549869
-16102.450495608
104015.530155250
-302636.605060452
506111.979901745
52075.292459850
-213512.001594663
304804.293137254
-223347.998497128
-55053.621915973
403087.806681330
8254.616900665
74507.527803184
244406.855715409
41445.407771390
-59208.690891652
-306172.583810201
-402098.852134100
422769.921420861
164095.167460430
238886.390185932
-36290.341780640
53628.932074664
-170045.429616976
-448179.386554192
142667.447385955
31545.141667554
420943.413736648
23476.443257116
466852.317320540
-287079.275584257
91370.642768486
-8668.963068613
-128616.284677362
-301129.918004242
54931.162020102
231843.301827488
47908.916720910
-249659.235562042
-324418.812736948
11375.681928115
-24798.738925485
-20157.401895202
313046.256336526
351654.229615387
59909.597857883
-100957.820144075
-515557.820580307
-161582.039510778
-172992.558329517
445080.950880983
56602.035849337
-180789.895710611
-68325.454690044
407896.818309458
-360265.033539058
160063.733049870
156262.161899671
99080.136803671
-28328.963604308
-213676.162090602
104561.725832287
-10309.126790626
-201818.094799166
-273627.668696740
102493.787910775
75586.799331824
-225.453689143
30299.411403968
111693.403122978
-316841.406243171
186630.439296818
-45159.426441705
178103.440144843
68911.091894497
-49945.149105012
150236.508012811
263859.126097394
170627.449533430
289152.730674996
-16358.740848522
-67397.573793973
65755.843277843
-34529.540196647
5374.791609772
-107202.630213801
-397635.369154280
-10737.718644309
-132017.861996757
-20062.976176806
431041.289716264
88033.962547016
74093.279146670
25094.752590924
-256064.750311783
412122.332772159
-54620.699407098
-102459.737653613
-38223.538776364
-385421.965091352
-279638.459545677
-84532.679749597
86117.295293438
-92114.360463643
-17860.783776252
95658.184716102
42990.961384782
-210052.761912723
146312.971469753
-67494.950584786
-41863.789874750
-61927.105336259
-24256.216463143
18016.681067240
229126.500432828
-326054.632771864
-4494.663164589
141266.401954939
125206.425832998
323557.561321581
401212.093187234
-64715.344348850
87925.433162651
145379.336213841
-131356.794652569
-93815.222030602
44814.553107805
-6349.229865136
-612501.759215547
56759.082901335
-345736.186041028
-85675.083668319
128829.572756812
-173737.827144063
61688.324439229
275080.812337831
387276.388312315
223490.214571255
260221.974590206
-291000.059632606
-17998.774536996
-21607.251374388
-76280.833463776
-42849.076187287
236843.022352161
-281240.473033921
-484304.691475387
-18184.466350395
447755.543710184
123127.832936869
36003.406431502
-30384.872122494
-23571.700296144
293088.446445289
-384054.903897589
139201.663113950
367922.074121808
-329922.963516890
-529623.915418452
366609.144580377
-76967.590193975
-9950.868966946
-10538.522964104
-72080.492276378
305613.532936378
-138938.120402969
-38140.216667536
-157113.908240243
228565.547319245
-521222.692009260
139621.980677073
-86417.486633504
-86253.196501302
-269882.571959529
-142439.625415574
80083.913932269
-218821.528123842
319017.329653049
213655.482723219
210326.789260022
195050.012022452
30770.925850606
-26612.831537597
-74878.788628400
-237395.117439503
216596.148690726
-283844.747836101
299490.885369815
-181323.967863842
-234613.043733356
-243151.119155026
-18957.282152069
-167664.483160451
209235.382597793
318185.100116510
142119.735586868
45802.804709929
-114226.321603547
-245996.078226439
61174.724407006
-123930.835411458
137771.523659473
-162753.656394597
607897.924457265
-262558.891914369
-256739.074292925
619597.097068170
-596099.416836500
137270.355831723
291040.174849110
180769.557418914
-53539.810524185
18116.706009038
-903605.230932843
496889.210469629
-554108.578743461
7511.164839364
735566.130784738
-139041.003634509
475610.632024980
-105663.492818392
-376.337158855
220217.184777602
213304.410083312
-479578.115883247
624086.423556449
-420991.215713637
-444920.768424813
371747.531448616
-1131376.665498415
176857.370855683
160519.570780485
88765.840671506
149153.289447064
199046.477426842
22890.282448446
-157974.672418135
-65647.152538580
84173.727158820
331532.592396504
-123436.001576939
-158355.295953002
96528.127467933
-11812.204544752
-73594.637130933
-161039.385381501
340209.444034321
335442.742870032
-466255.972369320
364960.504000224
1039.423548850
46794.964792870
-124439.998792892
-32026.227245312
29807.355692413
25544.806515076
-94059.297051597
-149945.138208208
204198.790376378
-187888.990794303
15071.397868953
